Linux 5.2.4-1.el7.elrepo.x86_64 (sfx-010) 	08/06/2019 	_x86_64_	(32 CPU)

avg-cpu:  %user   %nice %system %iowait  %steal   %idle
           0.08    0.00    0.40   13.32    0.00   86.20

Device:         rrqm/s   wrqm/s     r/s     w/s    rkB/s    wkB/s avgrq-sz avgqu-sz   await r_await w_await  svctm  %util
nvme0n1           0.05   256.51  159.88  529.51   649.91  2125.60     8.05     0.00    0.05    0.10    0.04   0.49  33.88
sda               0.06     0.11    2.30    0.61    83.44    14.60    67.47     0.03    9.82   10.80    6.09   0.59   0.17
sdc               0.00     0.27  222.34   62.32   899.79   250.28     8.08    43.94  154.87  177.82   72.99   0.87  24.67
sdb               0.00     0.30  220.06   62.07   890.71   249.40     8.08    43.96  156.32  179.57   73.89   0.87  24.46
sdd               0.00     0.28  223.35   62.51   905.13   251.10     8.09    43.95  154.23  177.14   72.37   0.87  24.78
dm-0              0.00     0.00    2.09    0.69    73.95    13.02    62.55     0.03   10.26   11.66    6.02   0.54   0.15
dm-1              0.00     0.00    0.05    0.00     1.43     0.00    55.81     0.00   20.19   20.50    0.00   0.54   0.00
dm-2              0.00     0.00    0.15    0.02     3.58     1.29    55.28     0.00    4.38    4.20    5.55   0.77   0.01

