Linux 5.2.4-1.el7.elrepo.x86_64 (sfx-010) 	08/02/2019 	_x86_64_	(32 CPU)

avg-cpu:  %user   %nice %system %iowait  %steal   %idle
           0.36    0.00    1.15    6.05    0.00   92.44

Device:         rrqm/s   wrqm/s     r/s     w/s    rkB/s    wkB/s avgrq-sz avgqu-sz   await r_await w_await  svctm  %util
nvme0n1           0.00    97.49 38017.42  461.33 152072.25  1917.16     8.00    16.98    0.75    0.76    0.04   0.01  30.59
sda               0.00     0.06    0.11    0.34     2.85     4.92    34.66     0.00    5.24    5.62    5.12   0.52   0.02
dm-0              0.00     0.00    0.09    0.39     2.52     5.13    31.48     0.00    5.10    5.86    4.92   0.45   0.02
dm-1              0.00     0.00    0.00    0.00     0.02     0.00    50.64     0.00   36.88   36.88    0.00   0.56   0.00
dm-2              0.00     0.00    0.01    0.00     0.23     0.04    31.38     0.00    3.65    3.27    6.41   0.59   0.00
sdb               0.01     0.01  138.18    0.09   554.87     0.36     8.03    17.39  126.30  126.27  173.74   1.04  14.36
sdc               0.01     0.01  144.37    2.89   579.67    11.60     8.03    18.16  123.81  126.13    8.13   1.03  15.11
sdd               0.01     0.01  145.39    2.88   583.76    11.54     8.03    18.29  123.86  126.14    8.61   1.02  15.14
bcache0           0.00     0.00    0.00    0.00     0.02     0.00    44.35     0.00    0.19    0.19    0.00   0.21   0.00
bcache1           0.00     0.00    0.00    0.00     0.02     0.00    44.35     0.00    0.27    0.27    0.00   0.23   0.00
bcache2           0.00     0.00    0.00    0.00     0.02     0.00    44.35     0.00    0.25    0.25    0.00   0.19   0.00

avg-cpu:  %user   %nice %system %iowait  %steal   %idle
           0.85    0.00    1.29   14.04    0.00   83.82

Device:         rrqm/s   wrqm/s     r/s     w/s    rkB/s    wkB/s avgrq-sz avgqu-sz   await r_await w_await  svctm  %util
nvme0n1           0.00     0.00    2.00  885.00     8.00  4034.50     9.11     0.00    0.04    1.50    0.04   0.52  46.20
sda               0.00     0.00    0.00    0.00     0.00     0.00     0.00     0.00    0.00    0.00    0.00   0.00   0.00
dm-0              0.00     0.00    0.00    0.00     0.00     0.00     0.00     0.00    0.00    0.00    0.00   0.00   0.00
dm-1              0.00     0.00    0.00    0.00     0.00     0.00     0.00     0.00    0.00    0.00    0.00   0.00   0.00
dm-2              0.00     0.00    0.00    0.00     0.00     0.00     0.00     0.00    0.00    0.00    0.00   0.00   0.00
sdb               0.00     0.00  297.00    0.00  1188.00     0.00     8.00    25.44   86.14   86.14    0.00   1.04  30.80
sdc               0.00     0.00  283.00    0.00  1132.00     0.00     8.00    25.80   91.67   91.67    0.00   1.04  29.30
sdd               0.00     0.00  289.00    0.00  1156.00     0.00     8.00    25.56   88.92   88.92    0.00   1.04  30.00
bcache0           0.00     0.00  364.00    0.00  1456.00     0.00     8.00    27.29   74.96   74.96    0.00   0.84  30.70
bcache1           0.00     0.00  349.00    0.00  1396.00     0.00     8.00    27.48   78.72   78.72    0.00   0.83  28.90
bcache2           0.00     0.00  357.00    0.00  1428.00     0.00     8.00    27.15   76.04   76.04    0.00   0.83  29.70

avg-cpu:  %user   %nice %system %iowait  %steal   %idle
           0.03    0.00    0.53   25.94    0.00   73.49

Device:         rrqm/s   wrqm/s     r/s     w/s    rkB/s    wkB/s avgrq-sz avgqu-sz   await r_await w_await  svctm  %util
nvme0n1           0.00     0.00    1.00 1791.00     4.00  7163.00     8.00     0.00    0.04    0.00    0.04   0.52  92.80
sda               0.00     0.00    0.00    0.00     0.00     0.00     0.00     0.00    0.00    0.00    0.00   0.00   0.00
dm-0              0.00     0.00    0.00    0.00     0.00     0.00     0.00     0.00    0.00    0.00    0.00   0.00   0.00
dm-1              0.00     0.00    0.00    0.00     0.00     0.00     0.00     0.00    0.00    0.00    0.00   0.00   0.00
dm-2              0.00     0.00    0.00    0.00     0.00     0.00     0.00     0.00    0.00    0.00    0.00   0.00   0.00
sdb               0.00     0.00  585.00    0.00  2340.00     0.00     8.00    60.51  103.92  103.92    0.00   1.02  59.60
sdc               0.00     0.00  584.00    0.00  2336.00     0.00     8.00    59.99  103.21  103.21    0.00   1.02  59.30
sdd               0.00     0.00  600.00    0.00  2400.00     0.00     8.00    59.95  100.41  100.41    0.00   1.02  61.50
bcache0           0.00     0.00  584.00    0.00  2336.00     0.00     8.00    64.73  110.84  110.84    0.00   1.01  59.20
bcache1           0.00     0.00  585.00    0.00  2340.00     0.00     8.00    64.41  110.11  110.11    0.00   1.00  58.70
bcache2           0.00     0.00  600.00    0.00  2400.00     0.00     8.00    64.39  107.31  107.31    0.00   1.01  60.80

avg-cpu:  %user   %nice %system %iowait  %steal   %idle
           0.06    0.00    0.47   25.41    0.00   74.06

Device:         rrqm/s   wrqm/s     r/s     w/s    rkB/s    wkB/s avgrq-sz avgqu-sz   await r_await w_await  svctm  %util
nvme0n1           0.00     0.00    9.00 1726.00    36.00  6907.50     8.00     0.00    0.04    0.22    0.04   0.52  90.30
sda               0.00     0.00    0.00    0.00     0.00     0.00     0.00     0.00    0.00    0.00    0.00   0.00   0.00
dm-0              0.00     0.00    0.00    0.00     0.00     0.00     0.00     0.00    0.00    0.00    0.00   0.00   0.00
dm-1              0.00     0.00    0.00    0.00     0.00     0.00     0.00     0.00    0.00    0.00    0.00   0.00   0.00
dm-2              0.00     0.00    0.00    0.00     0.00     0.00     0.00     0.00    0.00    0.00    0.00   0.00   0.00
sdb               0.00     0.00  566.00    0.00  2264.00     0.00     8.00    59.87  106.29  106.29    0.00   1.02  57.50
sdc               0.00     0.00  572.00    0.00  2288.00     0.00     8.00    59.98  105.36  105.36    0.00   1.01  58.00
sdd               0.00     0.00  568.00    0.00  2272.00     0.00     8.00    60.22  106.52  106.52    0.00   1.01  57.40
bcache0           0.00     0.00  569.00    0.00  2276.00     0.00     8.00    64.13  112.71  112.71    0.00   1.00  56.90
bcache1           0.00     0.00  572.00    0.00  2288.00     0.00     8.00    64.23  112.29  112.29    0.00   1.00  57.30
bcache2           0.00     0.00  572.00    0.00  2288.00     0.00     8.00    64.28  112.39  112.39    0.00   0.99  56.70

avg-cpu:  %user   %nice %system %iowait  %steal   %idle
           0.03    0.00    0.63   24.16    0.00   75.18

Device:         rrqm/s   wrqm/s     r/s     w/s    rkB/s    wkB/s avgrq-sz avgqu-sz   await r_await w_await  svctm  %util
nvme0n1           0.00     0.00    9.00 1772.00    36.00  7680.50     8.67     0.00    0.04    0.11    0.04   0.51  91.40
sda               0.00     0.00    0.00    0.00     0.00     0.00     0.00     0.00    0.00    0.00    0.00   0.00   0.00
dm-0              0.00     0.00    0.00    0.00     0.00     0.00     0.00     0.00    0.00    0.00    0.00   0.00   0.00
dm-1              0.00     0.00    0.00    0.00     0.00     0.00     0.00     0.00    0.00    0.00    0.00   0.00   0.00
dm-2              0.00     0.00    0.00    0.00     0.00     0.00     0.00     0.00    0.00    0.00    0.00   0.00   0.00
sdb               0.00     0.00  583.00    0.00  2332.00     0.00     8.00    58.53  100.89  100.89    0.00   1.02  59.20
sdc               0.00     0.00  593.00    0.00  2372.00     0.00     8.00    58.15   98.57   98.57    0.00   1.02  60.60
sdd               0.00     0.00  571.00    0.00  2284.00     0.00     8.00    59.72  105.09  105.09    0.00   1.03  58.80
bcache0           0.00     0.00  581.00    0.00  2324.00     0.00     8.00    62.90  108.26  108.26    0.00   1.02  59.00
bcache1           0.00     0.00  598.00    0.00  2392.00     0.00     8.00    62.33  104.23  104.23    0.00   1.01  60.30
bcache2           0.00     0.00  576.00    0.00  2304.00     0.00     8.00    67.02  116.35  116.35    0.00   1.01  58.20

avg-cpu:  %user   %nice %system %iowait  %steal   %idle
           0.06    0.00    0.53   24.80    0.00   74.60

Device:         rrqm/s   wrqm/s     r/s     w/s    rkB/s    wkB/s avgrq-sz avgqu-sz   await r_await w_await  svctm  %util
nvme0n1           0.00     0.00   13.00 1751.00    52.00  7500.00     8.56     0.00    0.04    0.38    0.04   0.51  90.50
sda               0.00     0.00    0.00    2.00     0.00    16.00    16.00     0.00    0.00    0.00    0.00   0.50   0.10
dm-0              0.00     0.00    0.00    2.00     0.00    16.00    16.00     0.00    0.00    0.00    0.00   0.50   0.10
dm-1              0.00     0.00    0.00    0.00     0.00     0.00     0.00     0.00    0.00    0.00    0.00   0.00   0.00
dm-2              0.00     0.00    0.00    0.00     0.00     0.00     0.00     0.00    0.00    0.00    0.00   0.00   0.00
sdb               1.00     0.00  583.00    0.00  2332.00     0.00     8.00    59.06  101.81  101.81    0.00   1.02  59.40
sdc               0.00     0.00  578.00    0.00  2312.00     0.00     8.00    59.75  103.87  103.87    0.00   1.00  57.60
sdd               1.00     0.00  564.00    0.00  2256.00     0.00     8.00    58.52  104.26  104.26    0.00   1.02  57.40
bcache0           0.00     0.00  591.00    0.00  2364.00     0.00     8.00    63.24  107.00  107.00    0.00   1.00  59.20
bcache1           0.00     0.00  579.00    0.00  2316.00     0.00     8.00    64.06  110.63  110.63    0.00   1.00  57.80
bcache2           0.00     0.00  567.00    0.00  2268.00     0.00     8.00    62.68  110.55  110.55    0.00   1.01  57.20

