Linux 5.2.4-1.el7.elrepo.x86_64 (sfx-010) 	08/02/2019 	_x86_64_	(32 CPU)

avg-cpu:  %user   %nice %system %iowait  %steal   %idle
           0.40    0.00    1.27    5.78    0.00   92.55

Device:         rrqm/s   wrqm/s     r/s     w/s    rkB/s    wkB/s avgrq-sz avgqu-sz   await r_await w_await  svctm  %util
nvme0n1           0.00    83.28 43001.23  449.29 172007.14  1871.37     8.00    19.24    0.76    0.76    0.04   0.01  30.60
sda               0.00     0.05    0.13    0.33     3.25     4.79    35.46     0.00    5.20    5.62    5.04   0.52   0.02
dm-0              0.00     0.00    0.11    0.38     2.88     4.99    32.48     0.00    5.08    5.86    4.86   0.46   0.02
dm-1              0.00     0.00    0.00    0.00     0.02     0.00    50.64     0.00   36.88   36.88    0.00   0.56   0.00
dm-2              0.00     0.00    0.02    0.00     0.26     0.04    31.38     0.00    3.65    3.27    6.41   0.59   0.00
sdb               0.01     0.00  134.46    0.10   539.69     0.40     8.03    16.79  125.31  125.28  174.64   1.04  14.00
sdc               0.01     0.01  141.54    3.29   568.03    13.21     8.03    17.67  122.48  125.14    8.12   1.03  14.85
sdd               0.01     0.01  142.85    3.27   573.27    13.14     8.03    17.84  122.56  125.17    8.60   1.02  14.88
bcache0           0.00     0.00    0.00    0.00     0.02     0.00    44.35     0.00    0.23    0.23    0.00   0.20   0.00
bcache1           0.00     0.00    0.00    0.00     0.02     0.00    44.35     0.00    0.53    0.53    0.00   0.24   0.00
bcache2           0.00     0.00    0.00    0.00     0.02     0.00    44.35     0.00    0.61    0.61    0.00   0.25   0.00

avg-cpu:  %user   %nice %system %iowait  %steal   %idle
           0.81    0.00    1.19    4.73    0.00   93.27

Device:         rrqm/s   wrqm/s     r/s     w/s    rkB/s    wkB/s avgrq-sz avgqu-sz   await r_await w_await  svctm  %util
nvme0n1           0.00     0.00    1.00  852.00     4.00  3903.00     9.16     0.00    0.02    0.00    0.02   0.53  45.50
sda               0.00     0.00    0.00    1.00     0.00     4.00     8.00     0.00    0.00    0.00    0.00   1.00   0.10
dm-0              0.00     0.00    0.00    1.00     0.00     4.00     8.00     0.00    0.00    0.00    0.00   1.00   0.10
dm-1              0.00     0.00    0.00    0.00     0.00     0.00     0.00     0.00    0.00    0.00    0.00   0.00   0.00
dm-2              0.00     0.00    0.00    0.00     0.00     0.00     0.00     0.00    0.00    0.00    0.00   0.00   0.00
sdb               0.00     0.00  288.00    0.00  1152.00     0.00     8.00    25.72   89.84   89.84    0.00   1.03  29.70
sdc               0.00     0.00  273.00    0.00  1092.00     0.00     8.00    25.52   93.98   93.98    0.00   1.04  28.30
sdd               0.00     0.00  277.00    0.00  1108.00     0.00     8.00    25.42   92.30   92.30    0.00   1.04  28.90
bcache0           0.00     0.00  356.00    0.00  1424.00     0.00     8.00    27.40   76.97   76.97    0.00   0.83  29.60
bcache1           0.00     0.00  341.00    0.00  1364.00     0.00     8.00    27.46   80.52   80.52    0.00   0.83  28.30
bcache2           0.00     0.00  340.00    0.00  1360.00     0.00     8.00    27.18   79.94   79.94    0.00   0.85  29.00

avg-cpu:  %user   %nice %system %iowait  %steal   %idle
           0.03    0.00    0.28    6.02    0.00   93.67

Device:         rrqm/s   wrqm/s     r/s     w/s    rkB/s    wkB/s avgrq-sz avgqu-sz   await r_await w_await  svctm  %util
nvme0n1           0.00     0.00    0.00 1711.00     0.00  6846.00     8.00     0.00    0.01    0.00    0.01   0.54  91.90
sda               0.00     0.00    0.00    0.00     0.00     0.00     0.00     0.00    0.00    0.00    0.00   0.00   0.00
dm-0              0.00     0.00    0.00    0.00     0.00     0.00     0.00     0.00    0.00    0.00    0.00   0.00   0.00
dm-1              0.00     0.00    0.00    0.00     0.00     0.00     0.00     0.00    0.00    0.00    0.00   0.00   0.00
dm-2              0.00     0.00    0.00    0.00     0.00     0.00     0.00     0.00    0.00    0.00    0.00   0.00   0.00
sdb               0.00     0.00  558.00    0.00  2232.00     0.00     8.00    60.63  109.15  109.15    0.00   1.01  56.40
sdc               0.00     0.00  558.00    0.00  2232.00     0.00     8.00    61.29  110.33  110.33    0.00   1.01  56.60
sdd               0.00     0.00  575.00    0.00  2300.00     0.00     8.00    61.16  106.85  106.85    0.00   1.01  57.90
bcache0           0.00     0.00  552.00    0.00  2208.00     0.00     8.00    65.03  117.81  117.81    0.00   1.02  56.10
bcache1           0.00     0.00  552.00    0.00  2208.00     0.00     8.00    65.42  118.51  118.51    0.00   1.02  56.30
bcache2           0.00     0.00  576.00    0.00  2304.00     0.00     8.00    65.43  113.59  113.59    0.00   1.01  57.90

avg-cpu:  %user   %nice %system %iowait  %steal   %idle
           0.03    0.00    0.38    7.21    0.00   92.39

Device:         rrqm/s   wrqm/s     r/s     w/s    rkB/s    wkB/s avgrq-sz avgqu-sz   await r_await w_await  svctm  %util
nvme0n1           0.00     0.00    5.00 1649.00    20.00  6597.00     8.00     0.00    0.02    0.20    0.02   0.54  89.00
sda               0.00     0.00    0.00    0.00     0.00     0.00     0.00     0.00    0.00    0.00    0.00   0.00   0.00
dm-0              0.00     0.00    0.00    0.00     0.00     0.00     0.00     0.00    0.00    0.00    0.00   0.00   0.00
dm-1              0.00     0.00    0.00    0.00     0.00     0.00     0.00     0.00    0.00    0.00    0.00   0.00   0.00
dm-2              0.00     0.00    0.00    0.00     0.00     0.00     0.00     0.00    0.00    0.00    0.00   0.00   0.00
sdb               0.00     0.00  542.00    0.00  2168.00     0.00     8.00    59.56  110.37  110.37    0.00   1.02  55.50
sdc               0.00     0.00  540.00    0.00  2160.00     0.00     8.00    58.79  109.36  109.36    0.00   1.02  55.30
sdd               0.00     0.00  546.00    0.00  2184.00     0.00     8.00    60.02  110.43  110.43    0.00   1.02  55.70
bcache0           0.00     0.00  545.00    0.00  2180.00     0.00     8.00    63.78  117.03  117.03    0.00   1.01  55.20
bcache1           0.00     0.00  546.00    0.00  2184.00     0.00     8.00    62.92  115.25  115.25    0.00   1.01  55.10
bcache2           0.00     0.00  546.00    0.00  2184.00     0.00     8.00    64.35  117.85  117.85    0.00   1.01  55.30

avg-cpu:  %user   %nice %system %iowait  %steal   %idle
           0.06    0.00    0.44    5.64    0.00   93.86

Device:         rrqm/s   wrqm/s     r/s     w/s    rkB/s    wkB/s avgrq-sz avgqu-sz   await r_await w_await  svctm  %util
nvme0n1           0.00     0.00    3.00 1687.00    12.00  7357.00     8.72     0.00    0.02    0.00    0.02   0.53  90.10
sda               0.00     0.00    0.00    0.00     0.00     0.00     0.00     0.00    0.00    0.00    0.00   0.00   0.00
dm-0              0.00     0.00    0.00    0.00     0.00     0.00     0.00     0.00    0.00    0.00    0.00   0.00   0.00
dm-1              0.00     0.00    0.00    0.00     0.00     0.00     0.00     0.00    0.00    0.00    0.00   0.00   0.00
dm-2              0.00     0.00    0.00    0.00     0.00     0.00     0.00     0.00    0.00    0.00    0.00   0.00   0.00
sdb               0.00     0.00  544.00    0.00  2176.00     0.00     8.00    61.09  112.81  112.81    0.00   1.02  55.50
sdc               0.00     0.00  555.00    0.00  2220.00     0.00     8.00    60.94  110.31  110.31    0.00   1.02  56.70
sdd               0.00     0.00  563.00    0.00  2252.00     0.00     8.00    60.13  107.30  107.30    0.00   1.01  57.10
bcache0           0.00     0.00  544.00    0.00  2176.00     0.00     8.00    65.42  120.26  120.26    0.00   1.01  55.00
bcache1           0.00     0.00  553.00    0.00  2212.00     0.00     8.00    65.31  118.10  118.10    0.00   1.02  56.40
bcache2           0.00     0.00  570.00    0.00  2280.00     0.00     8.00    64.25  112.73  112.73    0.00   1.00  57.20

avg-cpu:  %user   %nice %system %iowait  %steal   %idle
           0.06    0.00    0.41    6.01    0.00   93.52

Device:         rrqm/s   wrqm/s     r/s     w/s    rkB/s    wkB/s avgrq-sz avgqu-sz   await r_await w_await  svctm  %util
nvme0n1           0.00     0.00    6.00 1637.00    24.00  6551.50     8.00     0.00    0.02    0.33    0.02   0.55  90.00
sda               0.00     0.00    0.00    0.00     0.00     0.00     0.00     0.00    0.00    0.00    0.00   0.00   0.00
dm-0              0.00     0.00    0.00    0.00     0.00     0.00     0.00     0.00    0.00    0.00    0.00   0.00   0.00
dm-1              0.00     0.00    0.00    0.00     0.00     0.00     0.00     0.00    0.00    0.00    0.00   0.00   0.00
dm-2              0.00     0.00    0.00    0.00     0.00     0.00     0.00     0.00    0.00    0.00    0.00   0.00   0.00
sdb               0.00     0.00  555.00    0.00  2220.00     0.00     8.00    59.23  107.22  107.22    0.00   1.03  57.20
sdc               0.00     0.00  547.00    0.00  2188.00     0.00     8.00    60.32  110.78  110.78    0.00   1.00  54.60
sdd               0.00     0.00  517.00    0.00  2068.00     0.00     8.00    59.37  115.35  115.35    0.00   1.03  53.50
bcache0           0.00     0.00  553.00    0.00  2212.00     0.00     8.00    63.52  114.87  114.87    0.00   1.03  57.00
bcache1           0.00     0.00  555.00    0.00  2220.00     0.00     8.00    64.65  116.48  116.48    0.00   0.99  55.00
bcache2           0.00     0.00  514.00    0.00  2056.00     0.00     8.00    63.62  123.78  123.78    0.00   1.04  53.50

avg-cpu:  %user   %nice %system %iowait  %steal   %idle
           2.85    0.00    0.56   10.11    0.00   86.47

Device:         rrqm/s   wrqm/s     r/s     w/s    rkB/s    wkB/s avgrq-sz avgqu-sz   await r_await w_await  svctm  %util
nvme0n1           0.00     0.00    8.00 1675.00    32.00  7353.00     8.78     0.00    0.01    0.12    0.01   0.52  88.30
sda               0.00     0.00    0.00    2.00     0.00     8.00     8.00     0.00    0.50    0.00    0.50   0.50   0.10
dm-0              0.00     0.00    0.00    2.00     0.00     8.00     8.00     0.00    0.00    0.00    0.00   0.50   0.10
dm-1              0.00     0.00    0.00    0.00     0.00     0.00     0.00     0.00    0.00    0.00    0.00   0.00   0.00
dm-2              0.00     0.00    0.00    0.00     0.00     0.00     0.00     0.00    0.00    0.00    0.00   0.00   0.00
sdb               0.00     0.00  562.00    0.00  2248.00     0.00     8.00    61.02  109.06  109.06    0.00   1.00  56.30
sdc               0.00     0.00  549.00    0.00  2196.00     0.00     8.00    59.09  108.11  108.11    0.00   1.02  55.90
sdd               1.00     0.00  536.00    0.00  2148.00     0.00     8.01    60.70  113.77  113.77    0.00   1.00  53.40
bcache0           0.00     0.00  571.00    0.00  2284.00     0.00     8.00    65.38  114.51  114.51    0.00   0.98  55.90
bcache1           0.00     0.00  544.00    0.00  2176.00     0.00     8.00    63.30  116.35  116.35    0.00   1.01  55.10
bcache2           0.00     0.00  542.00    0.00  2168.00     0.00     8.00    65.18  120.27  120.27    0.00   0.99  53.40

avg-cpu:  %user   %nice %system %iowait  %steal   %idle
           1.63    0.00    0.60   12.25    0.00   85.53

Device:         rrqm/s   wrqm/s     r/s     w/s    rkB/s    wkB/s avgrq-sz avgqu-sz   await r_await w_await  svctm  %util
nvme0n1           0.00     0.00   11.00 1678.00    44.00  6902.50     8.23     0.00    0.02    0.18    0.01   0.54  90.70
sda               0.00     0.00    0.00    0.00     0.00     0.00     0.00     0.00    0.00    0.00    0.00   0.00   0.00
dm-0              0.00     0.00    0.00    0.00     0.00     0.00     0.00     0.00    0.00    0.00    0.00   0.00   0.00
dm-1              0.00     0.00    0.00    0.00     0.00     0.00     0.00     0.00    0.00    0.00    0.00   0.00   0.00
dm-2              0.00     0.00    0.00    0.00     0.00     0.00     0.00     0.00    0.00    0.00    0.00   0.00   0.00
sdb               0.00     0.00  548.00    0.00  2192.00     0.00     8.00    60.26  110.45  110.45    0.00   1.02  56.00
sdc               0.00     0.00  544.00    0.00  2176.00     0.00     8.00    61.01  112.67  112.67    0.00   1.02  55.50
sdd               0.00     0.00  564.00    0.00  2256.00     0.00     8.00    59.53  106.07  106.07    0.00   1.00  56.40
bcache0           0.00     0.00  546.00    0.00  2184.00     0.00     8.00    64.37  117.89  117.89    0.00   1.02  55.70
bcache1           0.00     0.00  547.00    0.00  2188.00     0.00     8.00    65.29  119.36  119.36    0.00   1.01  55.20
bcache2           0.00     0.00  574.00    0.00  2296.00     0.00     8.00    63.92  111.36  111.36    0.00   0.98  56.40

avg-cpu:  %user   %nice %system %iowait  %steal   %idle
           0.06    0.00    0.69    9.99    0.00   89.26

Device:         rrqm/s   wrqm/s     r/s     w/s    rkB/s    wkB/s avgrq-sz avgqu-sz   await r_await w_await  svctm  %util
nvme0n1           0.00     0.00    7.00 1671.00    28.00  7178.50     8.59     0.00    0.02    0.14    0.02   0.54  90.10
sda               0.00     0.00    0.00    0.00     0.00     0.00     0.00     0.00    0.00    0.00    0.00   0.00   0.00
dm-0              0.00     0.00    0.00    0.00     0.00     0.00     0.00     0.00    0.00    0.00    0.00   0.00   0.00
dm-1              0.00     0.00    0.00    0.00     0.00     0.00     0.00     0.00    0.00    0.00    0.00   0.00   0.00
dm-2              0.00     0.00    0.00    0.00     0.00     0.00     0.00     0.00    0.00    0.00    0.00   0.00   0.00
sdb               0.00     0.00  554.00    0.00  2216.00     0.00     8.00    59.74  108.35  108.35    0.00   1.02  56.70
sdc               0.00     0.00  541.00    0.00  2164.00     0.00     8.00    59.51  110.49  110.49    0.00   1.02  55.20
sdd               0.00     0.00  550.00    0.00  2200.00     0.00     8.00    59.61  108.87  108.87    0.00   1.02  56.00
bcache0           0.00     0.00  553.00    0.00  2212.00     0.00     8.00    64.07  115.85  115.85    0.00   1.03  56.70
bcache1           0.00     0.00  547.00    0.00  2188.00     0.00     8.00    63.98  116.97  116.97    0.00   1.00  54.90
bcache2           0.00     0.00  555.00    0.00  2220.00     0.00     8.00    63.87  115.09  115.09    0.00   1.01  56.00

