Linux 5.2.4-1.el7.elrepo.x86_64 (sfx-010) 	08/02/2019 	_x86_64_	(32 CPU)

avg-cpu:  %user   %nice %system %iowait  %steal   %idle
           0.60    0.00    1.90    5.28    0.00   92.21

Device:         rrqm/s   wrqm/s     r/s     w/s    rkB/s    wkB/s avgrq-sz avgqu-sz   await r_await w_await  svctm  %util
nvme0n1           0.00   134.53 66132.61  419.72 264533.96  1727.46     8.00    13.80    0.05    0.05    0.04   0.00  32.35
sda               0.00     0.07    0.09    0.40     2.41     5.17    30.60     0.00    4.88    5.62    4.71   0.49   0.02
dm-0              0.00     0.00    0.08    0.47     2.13     5.42    27.41     0.00    4.76    5.86    4.57   0.42   0.02
dm-1              0.00     0.00    0.00    0.00     0.02     0.00    50.64     0.00   36.88   36.88    0.00   0.56   0.00
dm-2              0.00     0.00    0.01    0.00     0.19     0.03    31.19     0.00    3.65    3.27    6.23   0.59   0.00
sdb               0.01     0.01  122.56    0.08   493.20     0.31     8.05    15.30  125.27  125.24  171.16   1.04  12.73
sdc               0.01     0.01  127.80    2.44   514.14     9.80     8.05    15.94  122.91  125.11    8.13   1.03  13.37
sdd               0.01     0.02  128.66    2.43   517.58     9.75     8.05    16.06  123.00  125.16    8.61   1.02  13.40
bcache0           0.00     0.00    0.00    0.00     0.02     0.00    44.35     0.00    0.22    0.22    0.00   0.22   0.00
bcache1           0.00     0.00    0.00    0.00     0.02     0.00    44.35     0.00    0.27    0.27    0.00   0.21   0.00
bcache2           0.00     0.00    0.00    0.00     0.02     0.00    44.35     0.00    0.26    0.26    0.00   0.19   0.00

avg-cpu:  %user   %nice %system %iowait  %steal   %idle
           0.78    0.00    1.25   14.35    0.00   83.61

Device:         rrqm/s   wrqm/s     r/s     w/s    rkB/s    wkB/s avgrq-sz avgqu-sz   await r_await w_await  svctm  %util
nvme0n1           0.00     0.00    0.00  739.00     0.00  3450.50     9.34     0.00    0.04    0.00    0.04   0.58  43.10
sda               0.00     0.00    0.00    1.00     0.00     4.00     8.00     0.00    0.00    0.00    0.00   1.00   0.10
dm-0              0.00     0.00    0.00    1.00     0.00     4.00     8.00     0.00    0.00    0.00    0.00   1.00   0.10
dm-1              0.00     0.00    0.00    0.00     0.00     0.00     0.00     0.00    0.00    0.00    0.00   0.00   0.00
dm-2              0.00     0.00    0.00    0.00     0.00     0.00     0.00     0.00    0.00    0.00    0.00   0.00   0.00
sdb               0.00     0.00  245.00    0.00   980.00     0.00     8.00    24.74  101.53  101.53    0.00   1.06  26.00
sdc               0.00     0.00  241.00    0.00   964.00     0.00     8.00    25.23  105.19  105.19    0.00   1.06  25.60
sdd               0.00     0.00  240.00    0.00   960.00     0.00     8.00    24.04  100.69  100.69    0.00   1.07  25.60
bcache0           0.00     0.00  308.00    0.00  1232.00     0.00     8.00    26.34   85.53   85.53    0.00   0.84  25.80
bcache1           0.00     0.00  302.00    0.00  1208.00     0.00     8.00    26.57   87.98   87.98    0.00   0.85  25.80
bcache2           0.00     0.00  308.00    0.00  1232.00     0.00     8.00    25.64   83.26   83.26    0.00   0.83  25.50

avg-cpu:  %user   %nice %system %iowait  %steal   %idle
           0.06    0.00    0.47   26.69    0.00   72.77

Device:         rrqm/s   wrqm/s     r/s     w/s    rkB/s    wkB/s avgrq-sz avgqu-sz   await r_await w_await  svctm  %util
nvme0n1           0.00     0.00    0.00 1467.00     0.00  5870.50     8.00     0.00    0.04    0.00    0.04   0.57  84.10
sda               0.00     0.00    0.00    0.00     0.00     0.00     0.00     0.00    0.00    0.00    0.00   0.00   0.00
dm-0              0.00     0.00    0.00    0.00     0.00     0.00     0.00     0.00    0.00    0.00    0.00   0.00   0.00
dm-1              0.00     0.00    0.00    0.00     0.00     0.00     0.00     0.00    0.00    0.00    0.00   0.00   0.00
dm-2              0.00     0.00    0.00    0.00     0.00     0.00     0.00     0.00    0.00    0.00    0.00   0.00   0.00
sdb               0.00     0.00  480.00    0.00  1920.00     0.00     8.00    60.09  125.67  125.67    0.00   1.03  49.30
sdc               0.00     0.00  487.00    0.00  1948.00     0.00     8.00    60.60  124.93  124.93    0.00   1.03  50.00
sdd               0.00     0.00  483.00    0.00  1932.00     0.00     8.00    61.13  127.06  127.06    0.00   1.02  49.30
bcache0           0.00     0.00  480.00    0.00  1920.00     0.00     8.00    64.31  133.98  133.98    0.00   1.02  49.20
bcache1           0.00     0.00  488.00    0.00  1952.00     0.00     8.00    65.09  133.39  133.39    0.00   1.02  49.70
bcache2           0.00     0.00  480.00    0.00  1920.00     0.00     8.00    65.46  136.38  136.38    0.00   1.02  49.10

avg-cpu:  %user   %nice %system %iowait  %steal   %idle
           0.03    0.00    0.50   26.45    0.00   73.02

Device:         rrqm/s   wrqm/s     r/s     w/s    rkB/s    wkB/s avgrq-sz avgqu-sz   await r_await w_await  svctm  %util
nvme0n1           0.00     0.00    2.00 1454.00     8.00  5814.50     8.00     0.00    0.04    0.50    0.04   0.59  86.50
sda               0.00    25.00    0.00  111.00     0.00  1296.00    23.35     2.04   18.89    0.00   18.89   0.14   1.50
dm-0              0.00     0.00    0.00  136.00     0.00  1312.00    19.29     2.65   19.52    0.00   19.52   0.11   1.50
dm-1              0.00     0.00    0.00    0.00     0.00     0.00     0.00     0.00    0.00    0.00    0.00   0.00   0.00
dm-2              0.00     0.00    0.00    0.00     0.00     0.00     0.00     0.00    0.00    0.00    0.00   0.00   0.00
sdb               0.00     0.00  478.00    0.00  1912.00     0.00     8.00    60.88  127.89  127.89    0.00   1.02  48.80
sdc               0.00     0.00  480.00    0.00  1920.00     0.00     8.00    58.81  123.03  123.03    0.00   1.03  49.30
sdd               0.00     0.00  477.00    0.00  1908.00     0.00     8.00    60.58  127.52  127.52    0.00   1.03  49.00
bcache0           0.00     0.00  480.00    0.00  1920.00     0.00     8.00    64.94  135.30  135.30    0.00   1.01  48.70
bcache1           0.00     0.00  482.00    0.00  1928.00     0.00     8.00    63.07  130.85  130.85    0.00   1.02  49.20
bcache2           0.00     0.00  480.00    0.00  1920.00     0.00     8.00    64.74  134.88  134.88    0.00   1.02  48.80

avg-cpu:  %user   %nice %system %iowait  %steal   %idle
           0.06    0.00    0.50   24.54    0.00   74.90

Device:         rrqm/s   wrqm/s     r/s     w/s    rkB/s    wkB/s avgrq-sz avgqu-sz   await r_await w_await  svctm  %util
nvme0n1           0.00     0.00    2.00 1470.00     8.00  6376.00     8.67     0.00    0.04    0.00    0.04   0.58  85.80
sda               0.00     0.00    0.00    0.00     0.00     0.00     0.00     0.00    0.00    0.00    0.00   0.00   0.00
dm-0              0.00     0.00    0.00    0.00     0.00     0.00     0.00     0.00    0.00    0.00    0.00   0.00   0.00
dm-1              0.00     0.00    0.00    0.00     0.00     0.00     0.00     0.00    0.00    0.00    0.00   0.00   0.00
dm-2              0.00     0.00    0.00    0.00     0.00     0.00     0.00     0.00    0.00    0.00    0.00   0.00   0.00
sdb               0.00     0.00  489.00    0.00  1956.00     0.00     8.00    58.87  120.86  120.86    0.00   1.03  50.20
sdc               1.00     0.00  484.00    0.00  1936.00     0.00     8.00    60.46  125.41  125.41    0.00   1.03  50.00
sdd               0.00     0.00  475.00    0.00  1900.00     0.00     8.00    60.20  127.22  127.22    0.00   1.02  48.60
bcache0           0.00     0.00  488.00    0.00  1952.00     0.00     8.00    63.54  130.21  130.21    0.00   1.02  49.80
bcache1           0.00     0.00  490.00    0.00  1960.00     0.00     8.00    64.66  131.97  131.97    0.00   1.02  50.20
bcache2           0.00     0.00  473.00    0.00  1892.00     0.00     8.00    64.48  136.33  136.33    0.00   1.03  48.60

avg-cpu:  %user   %nice %system %iowait  %steal   %idle
           0.06    0.00    0.50   25.98    0.00   73.45

Device:         rrqm/s   wrqm/s     r/s     w/s    rkB/s    wkB/s avgrq-sz avgqu-sz   await r_await w_await  svctm  %util
nvme0n1           0.00     0.00    2.00 1475.00     8.00  5997.50     8.13     0.00    0.04    0.00    0.04   0.58  85.30
sda               0.00     0.00    0.00    0.00     0.00     0.00     0.00     0.00    0.00    0.00    0.00   0.00   0.00
dm-0              0.00     0.00    0.00    0.00     0.00     0.00     0.00     0.00    0.00    0.00    0.00   0.00   0.00
dm-1              0.00     0.00    0.00    0.00     0.00     0.00     0.00     0.00    0.00    0.00    0.00   0.00   0.00
dm-2              0.00     0.00    0.00    0.00     0.00     0.00     0.00     0.00    0.00    0.00    0.00   0.00   0.00
sdb               0.00     0.00  473.00    0.00  1892.00     0.00     8.00    59.22  125.71  125.71    0.00   1.05  49.70
sdc               0.00     0.00  472.00    0.00  1892.00     0.00     8.02    59.25  126.02  126.02    0.00   1.03  48.80
sdd               0.00     0.00  511.00    0.00  2044.00     0.00     8.00    58.87  115.73  115.73    0.00   1.04  53.00
bcache0           0.00     0.00  477.00    0.00  1908.00     0.00     8.00    63.35  132.81  132.81    0.00   1.04  49.40
bcache1           0.00     0.00  473.00    0.00  1892.00     0.00     8.00    63.71  134.69  134.69    0.00   1.03  48.80
bcache2           0.00     0.00  513.00    0.00  2052.00     0.00     8.00    66.24  129.12  129.12    0.00   1.02  52.50

avg-cpu:  %user   %nice %system %iowait  %steal   %idle
           2.85    0.00    0.60   27.71    0.00   68.84

Device:         rrqm/s   wrqm/s     r/s     w/s    rkB/s    wkB/s avgrq-sz avgqu-sz   await r_await w_await  svctm  %util
nvme0n1           0.00     0.00    7.00 1444.00    28.00  6270.00     8.68     0.00    0.03    0.14    0.03   0.59  85.10
sda               0.00     0.00    0.00    2.00     0.00     8.00     8.00     0.00    0.00    0.00    0.00   0.50   0.10
dm-0              0.00     0.00    0.00    2.00     0.00     8.00     8.00     0.00    0.00    0.00    0.00   0.50   0.10
dm-1              0.00     0.00    0.00    0.00     0.00     0.00     0.00     0.00    0.00    0.00    0.00   0.00   0.00
dm-2              0.00     0.00    0.00    0.00     0.00     0.00     0.00     0.00    0.00    0.00    0.00   0.00   0.00
sdb               0.00     0.00  469.00    0.00  1876.00     0.00     8.00    60.77  130.10  130.10    0.00   1.02  48.00
sdc               0.00     0.00  487.00    0.00  1948.00     0.00     8.00    59.96  123.61  123.61    0.00   1.01  49.30
sdd               0.00     0.00  466.00    0.00  1864.00     0.00     8.00    60.35  129.99  129.99    0.00   1.01  47.00
bcache0           0.00     0.00  466.00    0.00  1864.00     0.00     8.00    64.69  138.81  138.81    0.00   1.02  47.30
bcache1           0.00     0.00  491.00    0.00  1964.00     0.00     8.00    64.20  130.76  130.76    0.00   1.01  49.40
bcache2           0.00     0.00  466.00    0.00  1864.00     0.00     8.00    64.37  138.14  138.14    0.00   1.01  47.00

avg-cpu:  %user   %nice %system %iowait  %steal   %idle
           1.51    0.00    0.63   26.04    0.00   71.82

Device:         rrqm/s   wrqm/s     r/s     w/s    rkB/s    wkB/s avgrq-sz avgqu-sz   await r_await w_await  svctm  %util
nvme0n1           0.00     0.00    4.00 1466.00    16.00  6027.00     8.22     0.00    0.03    0.25    0.03   0.59  86.50
sda               0.00     0.00    0.00    0.00     0.00     0.00     0.00     0.00    0.00    0.00    0.00   0.00   0.00
dm-0              0.00     0.00    0.00    0.00     0.00     0.00     0.00     0.00    0.00    0.00    0.00   0.00   0.00
dm-1              0.00     0.00    0.00    0.00     0.00     0.00     0.00     0.00    0.00    0.00    0.00   0.00   0.00
dm-2              0.00     0.00    0.00    0.00     0.00     0.00     0.00     0.00    0.00    0.00    0.00   0.00   0.00
sdb               0.00     0.00  476.00    0.00  1904.00     0.00     8.00    59.19  124.87  124.87    0.00   1.03  49.10
sdc               0.00     0.00  497.00    0.00  1988.00     0.00     8.00    58.32  117.84  117.84    0.00   1.02  50.80
sdd               0.00     0.00  474.00    0.00  1896.00     0.00     8.00    57.03  120.81  120.81    0.00   1.03  49.00
bcache0           0.00     0.00  484.00    0.00  1936.00     0.00     8.00    66.53  137.45  137.45    0.00   1.00  48.50
bcache1           0.00     0.00  498.00    0.00  1992.00     0.00     8.00    62.50  125.51  125.51    0.00   1.01  50.30
bcache2           0.00     0.00  474.00    0.00  1896.00     0.00     8.00    61.41  129.55  129.55    0.00   1.03  48.80

avg-cpu:  %user   %nice %system %iowait  %steal   %idle
           0.06    0.00    0.78   27.72    0.00   71.43

Device:         rrqm/s   wrqm/s     r/s     w/s    rkB/s    wkB/s avgrq-sz avgqu-sz   await r_await w_await  svctm  %util
nvme0n1           0.00     0.00    4.00 1490.00    16.00  6152.50     8.26     0.00    0.04    0.25    0.04   0.59  87.60
sda               0.00     0.00    0.00    0.00     0.00     0.00     0.00     0.00    0.00    0.00    0.00   0.00   0.00
dm-0              0.00     0.00    0.00    0.00     0.00     0.00     0.00     0.00    0.00    0.00    0.00   0.00   0.00
dm-1              0.00     0.00    0.00    0.00     0.00     0.00     0.00     0.00    0.00    0.00    0.00   0.00   0.00
dm-2              0.00     0.00    0.00    0.00     0.00     0.00     0.00     0.00    0.00    0.00    0.00   0.00   0.00
sdb               0.00     0.00  507.00    0.00  2028.00     0.00     8.00    58.45  115.77  115.77    0.00   1.03  52.10
sdc               0.00     0.00  488.00    0.00  1952.00     0.00     8.00    59.43  122.28  122.28    0.00   1.02  49.80
sdd               0.00     0.00  475.00    0.00  1900.00     0.00     8.00    58.11  122.83  122.83    0.00   1.03  49.00
bcache0           0.00     0.00  502.00    0.00  2008.00     0.00     8.00    63.04  125.58  125.58    0.00   1.03  51.70
bcache1           0.00     0.00  490.00    0.00  1960.00     0.00     8.00    67.67  138.11  138.11    0.00   1.01  49.60
bcache2           0.00     0.00  479.00    0.00  1916.00     0.00     8.00    62.23  129.92  129.92    0.00   1.03  49.10

avg-cpu:  %user   %nice %system %iowait  %steal   %idle
           0.03    0.00    0.63   26.01    0.00   73.34

Device:         rrqm/s   wrqm/s     r/s     w/s    rkB/s    wkB/s avgrq-sz avgqu-sz   await r_await w_await  svctm  %util
nvme0n1           0.00     0.00    5.00 1458.00    20.00  6327.00     8.68     0.00    0.04    0.00    0.04   0.59  86.40
sda               0.00     0.00    0.00    0.00     0.00     0.00     0.00     0.00    0.00    0.00    0.00   0.00   0.00
dm-0              0.00     0.00    0.00    0.00     0.00     0.00     0.00     0.00    0.00    0.00    0.00   0.00   0.00
dm-1              0.00     0.00    0.00    0.00     0.00     0.00     0.00     0.00    0.00    0.00    0.00   0.00   0.00
dm-2              0.00     0.00    0.00    0.00     0.00     0.00     0.00     0.00    0.00    0.00    0.00   0.00   0.00
sdb               0.00     0.00  472.00    0.00  1888.00     0.00     8.00    60.22  128.09  128.09    0.00   1.00  47.20
sdc               0.00     0.00  478.00    0.00  1912.00     0.00     8.00    60.65  127.37  127.37    0.00   1.03  49.00
sdd               0.00     0.00  488.00    0.00  1952.00     0.00     8.00    60.25  123.99  123.99    0.00   1.02  49.60
bcache0           0.00     0.00  474.00    0.00  1896.00     0.00     8.00    64.38  135.82  135.82    0.00   1.00  47.20
bcache1           0.00     0.00  473.00    0.00  1892.00     0.00     8.00    64.99  137.40  137.40    0.00   1.03  48.80
bcache2           0.00     0.00  490.00    0.00  1960.00     0.00     8.00    64.81  132.27  132.27    0.00   1.01  49.40

avg-cpu:  %user   %nice %system %iowait  %steal   %idle
           0.09    0.00    0.66   26.95    0.00   72.29

Device:         rrqm/s   wrqm/s     r/s     w/s    rkB/s    wkB/s avgrq-sz avgqu-sz   await r_await w_await  svctm  %util
nvme0n1           0.00     0.00    9.00 1469.00    36.00  5875.00     8.00     0.00    0.04    0.22    0.04   0.59  86.50
sda               0.00     0.00    0.00    0.00     0.00     0.00     0.00     0.00    0.00    0.00    0.00   0.00   0.00
dm-0              0.00     0.00    0.00    0.00     0.00     0.00     0.00     0.00    0.00    0.00    0.00   0.00   0.00
dm-1              0.00     0.00    0.00    0.00     0.00     0.00     0.00     0.00    0.00    0.00    0.00   0.00   0.00
dm-2              0.00     0.00    0.00    0.00     0.00     0.00     0.00     0.00    0.00    0.00    0.00   0.00   0.00
sdb               0.00     0.00  487.00    0.00  1948.00     0.00     8.00    59.61  122.89  122.89    0.00   1.02  49.80
sdc               0.00     0.00  496.00    0.00  1984.00     0.00     8.00    59.60  120.68  120.68    0.00   1.04  51.40
sdd               0.00     0.00  467.00    0.00  1868.00     0.00     8.00    59.64  128.22  128.22    0.00   1.03  47.90
bcache0           0.00     0.00  491.00    0.00  1964.00     0.00     8.00    64.06  130.48  130.48    0.00   1.00  49.10
bcache1           0.00     0.00  500.00    0.00  2000.00     0.00     8.00    63.79  127.57  127.57    0.00   1.02  51.10
bcache2           0.00     0.00  466.00    0.00  1864.00     0.00     8.00    63.50  136.27  136.27    0.00   1.02  47.60

