Linux 5.2.4-1.el7.elrepo.x86_64 (sfx-010) 	08/02/2019 	_x86_64_	(32 CPU)

avg-cpu:  %user   %nice %system %iowait  %steal   %idle
           0.60    0.00    1.91    5.29    0.00   92.20

Device:         rrqm/s   wrqm/s     r/s     w/s    rkB/s    wkB/s avgrq-sz avgqu-sz   await r_await w_await  svctm  %util
nvme0n1           0.00   122.24 66332.27  417.29 265332.30  1721.69     8.00    13.84    0.05    0.05    0.04   0.00  32.40
sda               0.00     0.07    0.09    0.39     2.41     5.04    31.04     0.00    4.89    5.62    4.72   0.50   0.02
dm-0              0.00     0.00    0.08    0.45     2.14     5.28    27.89     0.00    4.76    5.86    4.57   0.43   0.02
dm-1              0.00     0.00    0.00    0.00     0.02     0.00    50.64     0.00   36.88   36.88    0.00   0.56   0.00
dm-2              0.00     0.00    0.01    0.00     0.19     0.03    31.19     0.00    3.65    3.27    6.23   0.59   0.00
sdb               0.01     0.01  122.70    0.08   493.47     0.31     8.04    15.32  125.29  125.26  171.80   1.04  12.75
sdc               0.01     0.01  127.94    2.45   514.47     9.83     8.04    15.96  122.93  125.13    8.13   1.03  13.38
sdd               0.01     0.01  128.81    2.44   517.93     9.77     8.04    16.08  123.02  125.18    8.61   1.02  13.41
bcache0           0.00     0.00    0.00    0.00     0.02     0.00    44.35     0.00    0.42    0.42    0.00   0.26   0.00
bcache1           0.00     0.00    0.00    0.00     0.02     0.00    44.35     0.00    0.42    0.42    0.00   0.25   0.00
bcache2           0.00     0.00    0.00    0.00     0.02     0.00    44.35     0.00    0.35    0.35    0.00   0.19   0.00

avg-cpu:  %user   %nice %system %iowait  %steal   %idle
           0.78    0.00    1.25   14.43    0.00   83.53

Device:         rrqm/s   wrqm/s     r/s     w/s    rkB/s    wkB/s avgrq-sz avgqu-sz   await r_await w_await  svctm  %util
nvme0n1           0.00     0.00    2.00  812.00     8.00  3744.00     9.22     0.00    0.04    0.50    0.04   0.55  44.80
sda               0.00     0.00    0.00    1.00     0.00     4.00     8.00     0.00    0.00    0.00    0.00   1.00   0.10
dm-0              0.00     0.00    0.00    1.00     0.00     4.00     8.00     0.00    0.00    0.00    0.00   1.00   0.10
dm-1              0.00     0.00    0.00    0.00     0.00     0.00     0.00     0.00    0.00    0.00    0.00   0.00   0.00
dm-2              0.00     0.00    0.00    0.00     0.00     0.00     0.00     0.00    0.00    0.00    0.00   0.00   0.00
sdb               0.00     0.00  270.00    0.00  1080.00     0.00     8.00    25.38   94.51   94.51    0.00   1.06  28.70
sdc               0.00     0.00  263.00    0.00  1052.00     0.00     8.00    25.36   96.95   96.95    0.00   1.06  27.80
sdd               0.00     0.00  264.00    0.00  1056.00     0.00     8.00    25.73   97.96   97.96    0.00   1.05  27.70
bcache0           0.00     0.00  332.00    0.00  1328.00     0.00     8.00    27.06   81.51   81.51    0.00   0.86  28.40
bcache1           0.00     0.00  325.00    0.00  1300.00     0.00     8.00    27.05   83.22   83.22    0.00   0.86  27.80
bcache2           0.00     0.00  333.00    0.00  1332.00     0.00     8.00    27.36   82.17   82.17    0.00   0.83  27.60

avg-cpu:  %user   %nice %system %iowait  %steal   %idle
           0.06    0.00    0.47   26.43    0.00   73.04

Device:         rrqm/s   wrqm/s     r/s     w/s    rkB/s    wkB/s avgrq-sz avgqu-sz   await r_await w_await  svctm  %util
nvme0n1           0.00     0.00    0.00 1555.00     0.00  6223.00     8.00     0.00    0.04    0.00    0.04   0.58  89.70
sda               0.00     0.00    0.00    0.00     0.00     0.00     0.00     0.00    0.00    0.00    0.00   0.00   0.00
dm-0              0.00     0.00    0.00    0.00     0.00     0.00     0.00     0.00    0.00    0.00    0.00   0.00   0.00
dm-1              0.00     0.00    0.00    0.00     0.00     0.00     0.00     0.00    0.00    0.00    0.00   0.00   0.00
dm-2              0.00     0.00    0.00    0.00     0.00     0.00     0.00     0.00    0.00    0.00    0.00   0.00   0.00
sdb               0.00     0.00  507.00    0.00  2028.00     0.00     8.00    58.34  115.57  115.57    0.00   1.04  52.50
sdc               0.00     0.00  509.00    0.00  2036.00     0.00     8.00    58.42  115.26  115.26    0.00   1.03  52.30
sdd               0.00     0.00  523.00    0.00  2092.00     0.00     8.00    60.10  115.42  115.42    0.00   1.04  54.20
bcache0           0.00     0.00  512.00    0.00  2048.00     0.00     8.00    62.37  121.81  121.81    0.00   1.01  51.60
bcache1           0.00     0.00  512.00    0.00  2048.00     0.00     8.00    62.63  122.32  122.32    0.00   1.02  52.30
bcache2           0.00     0.00  520.00    0.00  2080.00     0.00     8.00    64.45  123.94  123.94    0.00   1.04  54.00

avg-cpu:  %user   %nice %system %iowait  %steal   %idle
           0.06    0.00    0.44   27.01    0.00   72.49

Device:         rrqm/s   wrqm/s     r/s     w/s    rkB/s    wkB/s avgrq-sz avgqu-sz   await r_await w_await  svctm  %util
nvme0n1           0.00     0.00    1.00 1580.00     4.00  6320.00     8.00     0.00    0.04    0.00    0.04   0.56  88.80
sda               0.00     0.00    0.00    0.00     0.00     0.00     0.00     0.00    0.00    0.00    0.00   0.00   0.00
dm-0              0.00     0.00    0.00    0.00     0.00     0.00     0.00     0.00    0.00    0.00    0.00   0.00   0.00
dm-1              0.00     0.00    0.00    0.00     0.00     0.00     0.00     0.00    0.00    0.00    0.00   0.00   0.00
dm-2              0.00     0.00    0.00    0.00     0.00     0.00     0.00     0.00    0.00    0.00    0.00   0.00   0.00
sdb               0.00     0.00  504.00    0.00  2016.00     0.00     8.00    62.40  124.33  124.33    0.00   1.03  51.70
sdc               0.00     0.00  533.00    0.00  2132.00     0.00     8.00    61.03  114.99  114.99    0.00   1.03  55.10
sdd               0.00     0.00  522.00    0.00  2088.00     0.00     8.00    60.29  116.01  116.01    0.00   1.02  53.00
bcache0           0.00     0.00  505.00    0.00  2020.00     0.00     8.00    66.75  132.18  132.18    0.00   1.02  51.30
bcache1           0.00     0.00  536.00    0.00  2144.00     0.00     8.00    65.29  121.81  121.81    0.00   1.02  54.60
bcache2           0.00     0.00  520.00    0.00  2080.00     0.00     8.00    64.44  123.92  123.92    0.00   1.02  52.90

avg-cpu:  %user   %nice %system %iowait  %steal   %idle
           0.06    0.00    0.56   27.48    0.00   71.89

Device:         rrqm/s   wrqm/s     r/s     w/s    rkB/s    wkB/s avgrq-sz avgqu-sz   await r_await w_await  svctm  %util
nvme0n1           0.00     0.00    7.00 1591.00    28.00  6959.50     8.75     0.00    0.04    0.29    0.04   0.55  88.10
sda               0.00     0.00    0.00    0.00     0.00     0.00     0.00     0.00    0.00    0.00    0.00   0.00   0.00
dm-0              0.00     0.00    0.00    0.00     0.00     0.00     0.00     0.00    0.00    0.00    0.00   0.00   0.00
dm-1              0.00     0.00    0.00    0.00     0.00     0.00     0.00     0.00    0.00    0.00    0.00   0.00   0.00
dm-2              0.00     0.00    0.00    0.00     0.00     0.00     0.00     0.00    0.00    0.00    0.00   0.00   0.00
sdb               0.00     0.00  530.00    0.00  2120.00     0.00     8.00    60.62  114.87  114.87    0.00   1.02  54.00
sdc               1.00     0.00  530.00    0.00  2124.00     0.00     8.02    61.21  115.99  115.99    0.00   1.02  54.00
sdd               0.00     0.00  507.00    0.00  2028.00     0.00     8.00    59.65  118.16  118.16    0.00   1.04  52.50
bcache0           0.00     0.00  529.00    0.00  2116.00     0.00     8.00    65.01  122.89  122.89    0.00   1.02  53.80
bcache1           0.00     0.00  531.00    0.00  2124.00     0.00     8.00    65.57  123.48  123.48    0.00   1.02  53.90
bcache2           0.00     0.00  511.00    0.00  2044.00     0.00     8.00    63.89  125.02  125.02    0.00   1.01  51.80

avg-cpu:  %user   %nice %system %iowait  %steal   %idle
           0.06    0.00    0.47   25.09    0.00   74.38

Device:         rrqm/s   wrqm/s     r/s     w/s    rkB/s    wkB/s avgrq-sz avgqu-sz   await r_await w_await  svctm  %util
nvme0n1           0.00     0.00    5.00 1594.00    20.00  6377.00     8.00     0.00    0.04    0.00    0.04   0.55  88.00
sda               0.00     0.00    0.00    0.00     0.00     0.00     0.00     0.00    0.00    0.00    0.00   0.00   0.00
dm-0              0.00     0.00    0.00    0.00     0.00     0.00     0.00     0.00    0.00    0.00    0.00   0.00   0.00
dm-1              0.00     0.00    0.00    0.00     0.00     0.00     0.00     0.00    0.00    0.00    0.00   0.00   0.00
dm-2              0.00     0.00    0.00    0.00     0.00     0.00     0.00     0.00    0.00    0.00    0.00   0.00   0.00
sdb               0.00     0.00  507.00    0.00  2028.00     0.00     8.00    58.31  115.51  115.51    0.00   1.01  51.30
sdc               0.00     0.00  536.00    0.00  2144.00     0.00     8.00    60.23  112.88  112.88    0.00   1.02  54.70
sdd               0.00     0.00  530.00    0.00  2120.00     0.00     8.00    59.39  112.57  112.57    0.00   1.02  54.20
bcache0           0.00     0.00  506.00    0.00  2024.00     0.00     8.00    62.57  123.65  123.65    0.00   1.01  50.90
bcache1           0.00     0.00  539.00    0.00  2156.00     0.00     8.00    64.44  119.55  119.55    0.00   1.01  54.70
bcache2           0.00     0.00  533.00    0.00  2132.00     0.00     8.00    63.75  119.60  119.60    0.00   1.02  54.10

avg-cpu:  %user   %nice %system %iowait  %steal   %idle
           2.85    0.00    0.66   26.60    0.00   69.89

Device:         rrqm/s   wrqm/s     r/s     w/s    rkB/s    wkB/s avgrq-sz avgqu-sz   await r_await w_await  svctm  %util
nvme0n1           0.00     0.00   12.00 1606.00    48.00  7070.00     8.80     0.00    0.03    0.17    0.03   0.56  89.90
sda               0.00     0.00    0.00    0.00     0.00     0.00     0.00     0.00    0.00    0.00    0.00   0.00   0.00
dm-0              0.00     0.00    0.00    0.00     0.00     0.00     0.00     0.00    0.00    0.00    0.00   0.00   0.00
dm-1              0.00     0.00    0.00    0.00     0.00     0.00     0.00     0.00    0.00    0.00    0.00   0.00   0.00
dm-2              0.00     0.00    0.00    0.00     0.00     0.00     0.00     0.00    0.00    0.00    0.00   0.00   0.00
sdb               0.00     0.00  530.00    0.00  2120.00     0.00     8.00    61.15  115.86  115.86    0.00   1.01  53.40
sdc               0.00     0.00  532.00    0.00  2128.00     0.00     8.00    59.13  111.64  111.64    0.00   1.01  53.60
sdd               0.00     0.00  520.00    0.00  2080.00     0.00     8.00    61.07  117.95  117.95    0.00   1.01  52.50
bcache0           0.00     0.00  541.00    0.00  2164.00     0.00     8.00    65.47  121.01  121.01    0.00   0.99  53.50
bcache1           0.00     0.00  529.00    0.00  2116.00     0.00     8.00    63.41  119.87  119.87    0.00   1.02  53.70
bcache2           0.00     0.00  526.00    0.00  2104.00     0.00     8.00    65.35  124.24  124.24    0.00   1.00  52.40

avg-cpu:  %user   %nice %system %iowait  %steal   %idle
           1.57    0.00    0.72   26.65    0.00   71.06

Device:         rrqm/s   wrqm/s     r/s     w/s    rkB/s    wkB/s avgrq-sz avgqu-sz   await r_await w_await  svctm  %util
nvme0n1           0.00     0.00    6.00 1627.00    24.00  6702.50     8.24     0.00    0.03    0.17    0.03   0.54  88.20
sda               0.00     0.00    0.00    4.00     0.00    16.00     8.00     0.00    0.25    0.00    0.25   0.25   0.10
dm-0              0.00     0.00    0.00    4.00     0.00    16.00     8.00     0.00    0.00    0.00    0.00   0.25   0.10
dm-1              0.00     0.00    0.00    0.00     0.00     0.00     0.00     0.00    0.00    0.00    0.00   0.00   0.00
dm-2              0.00     0.00    0.00    0.00     0.00     0.00     0.00     0.00    0.00    0.00    0.00   0.00   0.00
sdb               0.00     0.00  535.00    0.00  2140.00     0.00     8.00    60.32  113.25  113.25    0.00   1.02  54.70
sdc               0.00     0.00  536.00    0.00  2144.00     0.00     8.00    60.66  113.66  113.66    0.00   1.02  54.60
sdd               0.00     0.00  535.00    0.00  2140.00     0.00     8.00    60.28  113.18  113.18    0.00   1.02  54.60
bcache0           0.00     0.00  530.00    0.00  2120.00     0.00     8.00    64.60  121.89  121.89    0.00   1.02  54.10
bcache1           0.00     0.00  538.00    0.00  2152.00     0.00     8.00    64.94  120.71  120.71    0.00   1.01  54.20
bcache2           0.00     0.00  538.00    0.00  2152.00     0.00     8.00    64.58  120.04  120.04    0.00   1.01  54.20

avg-cpu:  %user   %nice %system %iowait  %steal   %idle
           0.06    0.00    0.78   22.45    0.00   76.70

Device:         rrqm/s   wrqm/s     r/s     w/s    rkB/s    wkB/s avgrq-sz avgqu-sz   await r_await w_await  svctm  %util
nvme0n1           0.00     0.00    5.00 1620.00    20.00  7182.00     8.86     0.00    0.04    0.20    0.04   0.55  89.60
sda               0.00     0.00    0.00    0.00     0.00     0.00     0.00     0.00    0.00    0.00    0.00   0.00   0.00
dm-0              0.00     0.00    0.00    0.00     0.00     0.00     0.00     0.00    0.00    0.00    0.00   0.00   0.00
dm-1              0.00     0.00    0.00    0.00     0.00     0.00     0.00     0.00    0.00    0.00    0.00   0.00   0.00
dm-2              0.00     0.00    0.00    0.00     0.00     0.00     0.00     0.00    0.00    0.00    0.00   0.00   0.00
sdb               0.00     0.00  513.00    0.00  2052.00     0.00     8.00    60.23  117.90  117.90    0.00   1.02  52.30
sdc               0.00     0.00  554.00    0.00  2216.00     0.00     8.00    60.46  109.61  109.61    0.00   1.02  56.30
sdd               0.00     0.00  526.00    0.00  2104.00     0.00     8.00    60.62  115.74  115.74    0.00   1.02  53.90
bcache0           0.00     0.00  521.00    0.00  2084.00     0.00     8.00    64.39  123.58  123.58    0.00   0.99  51.70
bcache1           0.00     0.00  560.00    0.00  2240.00     0.00     8.00    64.93  115.94  115.94    0.00   1.00  55.90
bcache2           0.00     0.00  524.00    0.00  2096.00     0.00     8.00    65.03  124.10  124.10    0.00   1.02  53.30

avg-cpu:  %user   %nice %system %iowait  %steal   %idle
           0.09    0.00    0.72   25.24    0.00   73.95

Device:         rrqm/s   wrqm/s     r/s     w/s    rkB/s    wkB/s avgrq-sz avgqu-sz   await r_await w_await  svctm  %util
nvme0n1           0.00     0.00   13.00 1614.00    52.00  6455.50     8.00     0.00    0.04    0.15    0.04   0.55  89.40
sda               0.00     0.00    0.00    0.00     0.00     0.00     0.00     0.00    0.00    0.00    0.00   0.00   0.00
dm-0              0.00     0.00    0.00    0.00     0.00     0.00     0.00     0.00    0.00    0.00    0.00   0.00   0.00
dm-1              0.00     0.00    0.00    0.00     0.00     0.00     0.00     0.00    0.00    0.00    0.00   0.00   0.00
dm-2              0.00     0.00    0.00    0.00     0.00     0.00     0.00     0.00    0.00    0.00    0.00   0.00   0.00
sdb               0.00     0.00  528.00    0.00  2112.00     0.00     8.00    60.09  114.29  114.29    0.00   1.04  54.70
sdc               0.00     0.00  519.00    0.00  2076.00     0.00     8.00    59.28  114.71  114.71    0.00   1.02  52.90
sdd               0.00     0.00  548.00    0.00  2192.00     0.00     8.00    59.94  109.85  109.85    0.00   1.03  56.30
bcache0           0.00     0.00  532.00    0.00  2128.00     0.00     8.00    64.42  121.09  121.09    0.00   1.02  54.50
bcache1           0.00     0.00  526.00    0.00  2104.00     0.00     8.00    63.37  120.47  120.47    0.00   1.01  52.90
bcache2           0.00     0.00  555.00    0.00  2220.00     0.00     8.00    64.04  115.39  115.39    0.00   1.01  55.90

avg-cpu:  %user   %nice %system %iowait  %steal   %idle
           0.06    0.00    0.66   25.79    0.00   73.48

Device:         rrqm/s   wrqm/s     r/s     w/s    rkB/s    wkB/s avgrq-sz avgqu-sz   await r_await w_await  svctm  %util
nvme0n1           0.00     0.00    9.00 1620.00    36.00  6482.00     8.00     0.00    0.04    0.11    0.04   0.55  90.30
sda               0.00     0.00    0.00    0.00     0.00     0.00     0.00     0.00    0.00    0.00    0.00   0.00   0.00
dm-0              0.00     0.00    0.00    0.00     0.00     0.00     0.00     0.00    0.00    0.00    0.00   0.00   0.00
dm-1              0.00     0.00    0.00    0.00     0.00     0.00     0.00     0.00    0.00    0.00    0.00   0.00   0.00
dm-2              0.00     0.00    0.00    0.00     0.00     0.00     0.00     0.00    0.00    0.00    0.00   0.00   0.00
sdb               1.00     0.00  525.00    0.00  2104.00     0.00     8.02    60.73  116.33  116.33    0.00   1.03  53.90
sdc               0.00     0.00  541.00    0.00  2164.00     0.00     8.00    60.76  112.84  112.84    0.00   1.03  55.80
sdd               0.00     0.00  536.00    0.00  2144.00     0.00     8.00    59.96  112.38  112.38    0.00   1.01  54.40
bcache0           0.00     0.00  523.00    0.00  2092.00     0.00     8.00    65.19  124.64  124.64    0.00   1.03  53.70
bcache1           0.00     0.00  541.00    0.00  2164.00     0.00     8.00    65.28  120.66  120.66    0.00   1.02  55.30
bcache2           0.00     0.00  538.00    0.00  2152.00     0.00     8.00    64.26  119.44  119.44    0.00   1.00  53.90

