Linux 5.2.4-1.el7.elrepo.x86_64 (sfx-010) 	08/02/2019 	_x86_64_	(32 CPU)

avg-cpu:  %user   %nice %system %iowait  %steal   %idle
           0.40    0.00    1.27    5.78    0.00   92.54

Device:         rrqm/s   wrqm/s     r/s     w/s    rkB/s    wkB/s avgrq-sz avgqu-sz   await r_await w_await  svctm  %util
nvme0n1           0.00    76.99 43068.10  448.12 172274.44  1868.76     8.00    19.27    0.76    0.76    0.04   0.01  30.63
sda               0.00     0.05    0.13    0.32     3.25     4.72    35.59     0.00    5.18    5.62    5.01   0.52   0.02
dm-0              0.00     0.00    0.11    0.37     2.88     4.92    32.82     0.00    5.06    5.86    4.82   0.47   0.02
dm-1              0.00     0.00    0.00    0.00     0.02     0.00    50.64     0.00   36.88   36.88    0.00   0.56   0.00
dm-2              0.00     0.00    0.02    0.00     0.26     0.04    31.38     0.00    3.65    3.27    6.41   0.59   0.00
sdb               0.01     0.00  134.55    0.10   539.92     0.40     8.03    16.81  125.33  125.30  174.89   1.04  14.01
sdc               0.01     0.01  141.64    3.30   568.30    13.23     8.02    17.68  122.50  125.16    8.12   1.03  14.86
sdd               0.01     0.01  142.95    3.28   573.55    13.16     8.02    17.85  122.57  125.19    8.60   1.02  14.89
bcache0           0.00     0.00    0.00    0.00     0.02     0.00    44.35     0.00    0.25    0.25    0.00   0.23   0.00
bcache1           0.00     0.00    0.00    0.00     0.02     0.00    44.35     0.00    0.24    0.24    0.00   0.23   0.00
bcache2           0.00     0.00    0.00    0.00     0.02     0.00    44.35     0.00    0.27    0.27    0.00   0.20   0.00

avg-cpu:  %user   %nice %system %iowait  %steal   %idle
           0.84    0.00    1.22    4.19    0.00   93.75

Device:         rrqm/s   wrqm/s     r/s     w/s    rkB/s    wkB/s avgrq-sz avgqu-sz   await r_await w_await  svctm  %util
nvme0n1           0.00     0.00    1.00  874.00     4.00  3991.50     9.13     0.00    0.01    0.00    0.01   0.53  46.80
sda               0.00     0.00    0.00    0.00     0.00     0.00     0.00     0.00    0.00    0.00    0.00   0.00   0.00
dm-0              0.00     0.00    0.00    0.00     0.00     0.00     0.00     0.00    0.00    0.00    0.00   0.00   0.00
dm-1              0.00     0.00    0.00    0.00     0.00     0.00     0.00     0.00    0.00    0.00    0.00   0.00   0.00
dm-2              0.00     0.00    0.00    0.00     0.00     0.00     0.00     0.00    0.00    0.00    0.00   0.00   0.00
sdb               0.00     0.00  274.00    0.00  1096.00     0.00     8.00    25.27   92.77   92.77    0.00   1.05  28.70
sdc               0.00     0.00  300.00    0.00  1200.00     0.00     8.00    26.58   89.09   89.09    0.00   1.04  31.30
sdd               0.00     0.00  284.00    0.00  1136.00     0.00     8.00    25.93   91.80   91.80    0.00   1.05  29.80
bcache0           0.00     0.00  340.00    0.00  1360.00     0.00     8.00    26.94   79.23   79.23    0.00   0.84  28.70
bcache1           0.00     0.00  364.00    0.00  1456.00     0.00     8.00    28.35   77.89   77.89    0.00   0.87  31.50
bcache2           0.00     0.00  349.00    0.00  1396.00     0.00     8.00    27.51   78.83   78.83    0.00   0.85  29.80

avg-cpu:  %user   %nice %system %iowait  %steal   %idle
           0.03    0.00    0.34    6.61    0.00   93.01

Device:         rrqm/s   wrqm/s     r/s     w/s    rkB/s    wkB/s avgrq-sz avgqu-sz   await r_await w_await  svctm  %util
nvme0n1           0.00     0.00    1.00 1688.00     4.00  6756.00     8.00     0.00    0.01    1.00    0.01   0.54  91.50
sda               0.00    14.00    0.00   47.00     0.00   848.00    36.09     0.29    6.66    0.00    6.66   0.17   0.80
dm-0              0.00     0.00    0.00   61.00     0.00   904.00    29.64     0.47    7.72    0.00    7.72   0.13   0.80
dm-1              0.00     0.00    0.00    0.00     0.00     0.00     0.00     0.00    0.00    0.00    0.00   0.00   0.00
dm-2              0.00     0.00    0.00    0.00     0.00     0.00     0.00     0.00    0.00    0.00    0.00   0.00   0.00
sdb               0.00     0.00  554.00    0.00  2216.00     0.00     8.00    61.62  111.73  111.73    0.00   1.02  56.30
sdc               0.00     0.00  550.00    0.00  2200.00     0.00     8.00    58.93  107.63  107.63    0.00   1.01  55.70
sdd               1.00     0.00  564.00    0.00  2260.00     0.00     8.01    60.63  107.99  107.99    0.00   1.01  57.10
bcache0           0.00     0.00  552.00    0.00  2208.00     0.00     8.00    65.78  119.17  119.17    0.00   1.02  56.10
bcache1           0.00     0.00  553.00    0.00  2212.00     0.00     8.00    63.06  114.03  114.03    0.00   1.00  55.50
bcache2           0.00     0.00  569.00    0.00  2276.00     0.00     8.00    65.07  114.36  114.36    0.00   1.00  56.70

avg-cpu:  %user   %nice %system %iowait  %steal   %idle
           0.09    0.00    0.41    7.73    0.00   91.77

Device:         rrqm/s   wrqm/s     r/s     w/s    rkB/s    wkB/s avgrq-sz avgqu-sz   await r_await w_await  svctm  %util
nvme0n1           0.00     0.00    5.00 1718.00    20.00  6873.00     8.00     0.00    0.02    0.00    0.02   0.52  90.20
sda               0.00     0.00    0.00    0.00     0.00     0.00     0.00     0.00    0.00    0.00    0.00   0.00   0.00
dm-0              0.00     0.00    0.00    0.00     0.00     0.00     0.00     0.00    0.00    0.00    0.00   0.00   0.00
dm-1              0.00     0.00    0.00    0.00     0.00     0.00     0.00     0.00    0.00    0.00    0.00   0.00   0.00
dm-2              0.00     0.00    0.00    0.00     0.00     0.00     0.00     0.00    0.00    0.00    0.00   0.00   0.00
sdb               0.00     0.00  571.00    0.00  2284.00     0.00     8.00    58.69  103.27  103.27    0.00   1.02  58.00
sdc               0.00     0.00  564.00    0.00  2256.00     0.00     8.00    60.34  107.48  107.48    0.00   1.02  57.70
sdd               0.00     0.00  563.00    0.00  2252.00     0.00     8.00    59.36  105.92  105.92    0.00   1.01  56.80
bcache0           0.00     0.00  569.00    0.00  2276.00     0.00     8.00    63.09  110.87  110.87    0.00   1.02  58.10
bcache1           0.00     0.00  561.00    0.00  2244.00     0.00     8.00    64.55  115.06  115.06    0.00   1.03  57.60
bcache2           0.00     0.00  563.00    0.00  2252.00     0.00     8.00    63.67  113.10  113.10    0.00   1.01  56.60

avg-cpu:  %user   %nice %system %iowait  %steal   %idle
           0.06    0.00    0.44    8.64    0.00   90.86

Device:         rrqm/s   wrqm/s     r/s     w/s    rkB/s    wkB/s avgrq-sz avgqu-sz   await r_await w_await  svctm  %util
nvme0n1           0.00     0.00    8.00 1716.00    32.00  7467.00     8.70     0.00    0.02    0.12    0.02   0.53  92.00
sda               0.00     0.00    0.00    2.00     0.00     8.00     8.00     0.07   36.00    0.00   36.00   1.00   0.20
dm-0              0.00     0.00    0.00    2.00     0.00     8.00     8.00     0.07   36.00    0.00   36.00   1.00   0.20
dm-1              0.00     0.00    0.00    0.00     0.00     0.00     0.00     0.00    0.00    0.00    0.00   0.00   0.00
dm-2              0.00     0.00    0.00    0.00     0.00     0.00     0.00     0.00    0.00    0.00    0.00   0.00   0.00
sdb               0.00     0.00  561.00    0.00  2244.00     0.00     8.00    60.74  108.77  108.77    0.00   1.02  57.10
sdc               0.00     0.00  568.00    0.00  2272.00     0.00     8.00    61.14  108.13  108.13    0.00   1.03  58.60
sdd               0.00     0.00  561.00    0.00  2244.00     0.00     8.00    60.92  109.08  109.08    0.00   1.02  57.20
bcache0           0.00     0.00  568.00    0.00  2272.00     0.00     8.00    65.25  114.87  114.87    0.00   1.00  56.90
bcache1           0.00     0.00  572.00    0.00  2288.00     0.00     8.00    65.46  114.44  114.44    0.00   1.02  58.30
bcache2           0.00     0.00  564.00    0.00  2256.00     0.00     8.00    65.22  115.63  115.63    0.00   1.02  57.30

avg-cpu:  %user   %nice %system %iowait  %steal   %idle
           0.06    0.00    0.41    8.89    0.00   90.64

Device:         rrqm/s   wrqm/s     r/s     w/s    rkB/s    wkB/s avgrq-sz avgqu-sz   await r_await w_await  svctm  %util
nvme0n1           0.00     0.00    7.00 1722.00    28.00  6894.50     8.01     0.00    0.02    0.14    0.02   0.53  91.30
sda               0.00     0.00    0.00    0.00     0.00     0.00     0.00     0.00    0.00    0.00    0.00   0.00   0.00
dm-0              0.00     0.00    0.00    0.00     0.00     0.00     0.00     0.00    0.00    0.00    0.00   0.00   0.00
dm-1              0.00     0.00    0.00    0.00     0.00     0.00     0.00     0.00    0.00    0.00    0.00   0.00   0.00
dm-2              0.00     0.00    0.00    0.00     0.00     0.00     0.00     0.00    0.00    0.00    0.00   0.00   0.00
sdb               0.00     0.00  571.00    0.00  2284.00     0.00     8.00    60.46  106.38  106.38    0.00   1.02  58.40
sdc               0.00     0.00  569.00    0.00  2276.00     0.00     8.00    59.20  104.56  104.56    0.00   1.01  57.50
sdd               0.00     0.00  563.00    0.00  2252.00     0.00     8.00    59.90  106.90  106.90    0.00   1.03  58.20
bcache0           0.00     0.00  570.00    0.00  2280.00     0.00     8.00    64.58  113.30  113.30    0.00   1.02  58.40
bcache1           0.00     0.00  570.00    0.00  2280.00     0.00     8.00    63.55  111.48  111.48    0.00   1.01  57.30
bcache2           0.00     0.00  563.00    0.00  2252.00     0.00     8.00    63.98  113.63  113.63    0.00   1.03  57.80

avg-cpu:  %user   %nice %system %iowait  %steal   %idle
           2.88    0.00    0.63   11.46    0.00   85.04

Device:         rrqm/s   wrqm/s     r/s     w/s    rkB/s    wkB/s avgrq-sz avgqu-sz   await r_await w_await  svctm  %util
nvme0n1           0.00     0.00   12.00 1728.00    48.00  7578.50     8.77     0.00    0.01    0.17    0.01   0.53  91.50
sda               0.00     0.00    0.00    0.00     0.00     0.00     0.00     0.00    0.00    0.00    0.00   0.00   0.00
dm-0              0.00     0.00    0.00    0.00     0.00     0.00     0.00     0.00    0.00    0.00    0.00   0.00   0.00
dm-1              0.00     0.00    0.00    0.00     0.00     0.00     0.00     0.00    0.00    0.00    0.00   0.00   0.00
dm-2              0.00     0.00    0.00    0.00     0.00     0.00     0.00     0.00    0.00    0.00    0.00   0.00   0.00
sdb               0.00     0.00  574.00    0.00  2296.00     0.00     8.00    60.08  105.16  105.16    0.00   1.00  57.50
sdc               0.00     0.00  573.00    0.00  2292.00     0.00     8.00    60.41  105.92  105.92    0.00   1.01  57.80
sdd               0.00     0.00  553.00    0.00  2212.00     0.00     8.00    60.04  109.07  109.07    0.00   0.99  55.00
bcache0           0.00     0.00  581.00    0.00  2324.00     0.00     8.00    64.45  110.93  110.93    0.00   0.99  57.50
bcache1           0.00     0.00  579.00    0.00  2316.00     0.00     8.00    64.79  111.89  111.89    0.00   1.00  57.70
bcache2           0.00     0.00  564.00    0.00  2256.00     0.00     8.00    64.61  114.55  114.55    0.00   0.97  54.90

