Linux 5.2.4-1.el7.elrepo.x86_64 (sfx-010) 	08/02/2019 	_x86_64_	(32 CPU)

avg-cpu:  %user   %nice %system %iowait  %steal   %idle
           0.36    0.00    1.15    6.03    0.00   92.46

Device:         rrqm/s   wrqm/s     r/s     w/s    rkB/s    wkB/s avgrq-sz avgqu-sz   await r_await w_await  svctm  %util
nvme0n1           0.00   106.57 37913.15  462.82 151655.39  1920.11     8.00    16.94    0.75    0.76    0.04   0.01  30.54
sda               0.00     0.06    0.11    0.35     2.84     5.02    34.26     0.00    5.25    5.62    5.14   0.51   0.02
dm-0              0.00     0.00    0.09    0.41     2.52     5.25    31.02     0.00    5.13    5.86    4.97   0.45   0.02
dm-1              0.00     0.00    0.00    0.00     0.02     0.00    50.64     0.00   36.88   36.88    0.00   0.56   0.00
dm-2              0.00     0.00    0.01    0.00     0.23     0.04    31.38     0.00    3.65    3.27    6.41   0.59   0.00
sdb               0.01     0.01  137.98    0.09   554.28     0.36     8.03    17.36  126.26  126.23  173.33   1.04  14.34
sdc               0.01     0.01  144.16    2.89   579.02    11.57     8.03    18.13  123.78  126.10    8.13   1.03  15.08
sdd               0.01     0.01  145.18    2.87   583.09    11.51     8.03    18.26  123.83  126.10    8.61   1.02  15.12
bcache0           0.00     0.00    0.00    0.00     0.02     0.00    44.35     0.00    0.33    0.33    0.00   0.22   0.00
bcache1           0.00     0.00    0.00    0.00     0.02     0.00    44.35     0.00    0.25    0.25    0.00   0.22   0.00
bcache2           0.00     0.00    0.00    0.00     0.02     0.00    44.35     0.00    0.25    0.25    0.00   0.20   0.00

avg-cpu:  %user   %nice %system %iowait  %steal   %idle
           0.84    0.00    1.22    3.57    0.00   94.37

Device:         rrqm/s   wrqm/s     r/s     w/s    rkB/s    wkB/s avgrq-sz avgqu-sz   await r_await w_await  svctm  %util
nvme0n1           0.00     0.00    2.00  872.00     8.00  3985.00     9.14     0.00    0.02    1.50    0.01   0.52  45.20
sda               0.00     0.00    0.00    1.00     0.00     4.00     8.00     0.02   24.00    0.00   24.00   2.00   0.20
dm-0              0.00     0.00    0.00    1.00     0.00     4.00     8.00     0.02   23.00    0.00   23.00   2.00   0.20
dm-1              0.00     0.00    0.00    0.00     0.00     0.00     0.00     0.00    0.00    0.00    0.00   0.00   0.00
dm-2              0.00     0.00    0.00    0.00     0.00     0.00     0.00     0.00    0.00    0.00    0.00   0.00   0.00
sdb               0.00     0.00  262.00    0.00  1048.00     0.00     8.00    24.96   95.74   95.74    0.00   1.04  27.20
sdc               0.00     0.00  297.00    0.00  1188.00     0.00     8.00    26.84   90.87   90.87    0.00   1.04  30.80
sdd               0.00     0.00  299.00    0.00  1196.00     0.00     8.00    25.61   86.14   86.14    0.00   1.02  30.60
bcache0           0.00     0.00  324.00    0.00  1296.00     0.00     8.00    26.63   82.19   82.19    0.00   0.84  27.20
bcache1           0.00     0.00  365.00    0.00  1460.00     0.00     8.00    28.66   78.52   78.52    0.00   0.85  31.20
bcache2           0.00     0.00  365.00    0.00  1460.00     0.00     8.00    27.36   74.96   74.96    0.00   0.84  30.70

avg-cpu:  %user   %nice %system %iowait  %steal   %idle
           0.03    0.00    0.41    6.76    0.00   92.80

Device:         rrqm/s   wrqm/s     r/s     w/s    rkB/s    wkB/s avgrq-sz avgqu-sz   await r_await w_await  svctm  %util
nvme0n1           0.00     0.00    0.00 1717.00     0.00  6867.50     8.00     0.00    0.01    0.00    0.01   0.53  91.40
sda               0.00     0.00    0.00    0.00     0.00     0.00     0.00     0.00    0.00    0.00    0.00   0.00   0.00
dm-0              0.00     0.00    0.00    0.00     0.00     0.00     0.00     0.00    0.00    0.00    0.00   0.00   0.00
dm-1              0.00     0.00    0.00    0.00     0.00     0.00     0.00     0.00    0.00    0.00    0.00   0.00   0.00
dm-2              0.00     0.00    0.00    0.00     0.00     0.00     0.00     0.00    0.00    0.00    0.00   0.00   0.00
sdb               0.00     0.00  568.00    0.00  2272.00     0.00     8.00    60.41  106.86  106.86    0.00   1.02  57.70
sdc               0.00     0.00  563.00    0.00  2252.00     0.00     8.00    59.02  105.31  105.31    0.00   1.01  56.70
sdd               0.00     0.00  564.00    0.00  2256.00     0.00     8.00    60.33  107.48  107.48    0.00   1.02  57.60
bcache0           0.00     0.00  568.00    0.00  2272.00     0.00     8.00    64.71  113.93  113.93    0.00   1.01  57.20
bcache1           0.00     0.00  560.00    0.00  2240.00     0.00     8.00    63.24  112.94  112.94    0.00   1.01  56.70
bcache2           0.00     0.00  560.00    0.00  2240.00     0.00     8.00    64.62  115.39  115.39    0.00   1.02  57.40

avg-cpu:  %user   %nice %system %iowait  %steal   %idle
           0.06    0.00    0.41    6.42    0.00   93.11

Device:         rrqm/s   wrqm/s     r/s     w/s    rkB/s    wkB/s avgrq-sz avgqu-sz   await r_await w_await  svctm  %util
nvme0n1           0.00     0.00    5.00 1752.00    20.00  7012.00     8.00     0.00    0.02    0.20    0.02   0.51  90.20
sda               0.00     0.00    0.00    0.00     0.00     0.00     0.00     0.00    0.00    0.00    0.00   0.00   0.00
dm-0              0.00     0.00    0.00    0.00     0.00     0.00     0.00     0.00    0.00    0.00    0.00   0.00   0.00
dm-1              0.00     0.00    0.00    0.00     0.00     0.00     0.00     0.00    0.00    0.00    0.00   0.00   0.00
dm-2              0.00     0.00    0.00    0.00     0.00     0.00     0.00     0.00    0.00    0.00    0.00   0.00   0.00
sdb               0.00     0.00  578.00    0.00  2312.00     0.00     8.00    61.63  107.14  107.14    0.00   1.01  58.20
sdc               0.00     0.00  568.00    0.00  2272.00     0.00     8.00    60.91  107.71  107.71    0.00   1.01  57.30
sdd               0.00     0.00  585.00    0.00  2340.00     0.00     8.00    59.69  102.55  102.55    0.00   1.03  60.20
bcache0           0.00     0.00  585.00    0.00  2340.00     0.00     8.00    66.02  112.86  112.86    0.00   0.99  57.90
bcache1           0.00     0.00  571.00    0.00  2284.00     0.00     8.00    64.92  113.70  113.70    0.00   1.00  57.00
bcache2           0.00     0.00  593.00    0.00  2372.00     0.00     8.00    63.96  107.86  107.86    0.00   1.01  59.70

avg-cpu:  %user   %nice %system %iowait  %steal   %idle
           0.06    0.00    0.34    7.96    0.00   91.64

Device:         rrqm/s   wrqm/s     r/s     w/s    rkB/s    wkB/s avgrq-sz avgqu-sz   await r_await w_await  svctm  %util
nvme0n1           0.00     0.00   10.00 1681.00    40.00  7311.00     8.69     0.00    0.02    0.10    0.02   0.54  91.00
sda               0.00     0.00    0.00    0.00     0.00     0.00     0.00     0.00    0.00    0.00    0.00   0.00   0.00
dm-0              0.00     0.00    0.00    0.00     0.00     0.00     0.00     0.00    0.00    0.00    0.00   0.00   0.00
dm-1              0.00     0.00    0.00    0.00     0.00     0.00     0.00     0.00    0.00    0.00    0.00   0.00   0.00
dm-2              0.00     0.00    0.00    0.00     0.00     0.00     0.00     0.00    0.00    0.00    0.00   0.00   0.00
sdb               0.00     0.00  556.00    0.00  2224.00     0.00     8.00    58.61  105.91  105.91    0.00   1.02  56.80
sdc               0.00     0.00  549.00    0.00  2196.00     0.00     8.00    59.39  108.70  108.70    0.00   1.02  56.10
sdd               0.00     0.00  550.00    0.00  2200.00     0.00     8.00    60.64  110.75  110.75    0.00   1.01  55.80
bcache0           0.00     0.00  553.00    0.00  2212.00     0.00     8.00    62.74  113.46  113.46    0.00   1.02  56.60
bcache1           0.00     0.00  555.00    0.00  2220.00     0.00     8.00    63.95  115.23  115.23    0.00   1.01  56.20
bcache2           0.00     0.00  550.00    0.00  2200.00     0.00     8.00    64.88  117.97  117.97    0.00   1.01  55.70

avg-cpu:  %user   %nice %system %iowait  %steal   %idle
           0.06    0.00    0.41   10.18    0.00   89.36

Device:         rrqm/s   wrqm/s     r/s     w/s    rkB/s    wkB/s avgrq-sz avgqu-sz   await r_await w_await  svctm  %util
nvme0n1           0.00     0.00    7.00 1723.00    28.00  6895.00     8.00     0.00    0.02    0.14    0.02   0.52  90.70
sda               0.00     0.00    0.00    0.00     0.00     0.00     0.00     0.00    0.00    0.00    0.00   0.00   0.00
dm-0              0.00     0.00    0.00    0.00     0.00     0.00     0.00     0.00    0.00    0.00    0.00   0.00   0.00
dm-1              0.00     0.00    0.00    0.00     0.00     0.00     0.00     0.00    0.00    0.00    0.00   0.00   0.00
dm-2              0.00     0.00    0.00    0.00     0.00     0.00     0.00     0.00    0.00    0.00    0.00   0.00   0.00
sdb               0.00     0.00  567.00    0.00  2268.00     0.00     8.00    61.23  108.49  108.49    0.00   1.03  58.30
sdc               0.00     0.00  566.00    0.00  2264.00     0.00     8.00    61.17  108.58  108.58    0.00   1.02  57.50
sdd               0.00     0.00  570.00    0.00  2280.00     0.00     8.00    60.71  107.00  107.00    0.00   1.02  57.90
bcache0           0.00     0.00  571.00    0.00  2284.00     0.00     8.00    65.48  114.67  114.67    0.00   1.02  58.10
bcache1           0.00     0.00  563.00    0.00  2252.00     0.00     8.00    65.30  115.98  115.98    0.00   1.02  57.20
bcache2           0.00     0.00  578.00    0.00  2312.00     0.00     8.00    65.07  112.58  112.58    0.00   1.00  57.80

avg-cpu:  %user   %nice %system %iowait  %steal   %idle
           2.94    0.00    0.50   10.90    0.00   85.66

Device:         rrqm/s   wrqm/s     r/s     w/s    rkB/s    wkB/s avgrq-sz avgqu-sz   await r_await w_await  svctm  %util
nvme0n1           0.00     0.00   10.00 1719.00    40.00  7534.50     8.76     0.00    0.02    0.20    0.01   0.53  92.30
sda               0.00     0.00    0.00    2.00     0.00     8.00     8.00     0.00    0.00    0.00    0.00   0.50   0.10
dm-0              0.00     0.00    0.00    2.00     0.00     8.00     8.00     0.00    0.00    0.00    0.00   0.50   0.10
dm-1              0.00     0.00    0.00    0.00     0.00     0.00     0.00     0.00    0.00    0.00    0.00   0.00   0.00
dm-2              0.00     0.00    0.00    0.00     0.00     0.00     0.00     0.00    0.00    0.00    0.00   0.00   0.00
sdb               0.00     0.00  563.00    0.00  2252.00     0.00     8.00    60.47  107.91  107.91    0.00   1.02  57.30
sdc               0.00     0.00  566.00    0.00  2264.00     0.00     8.00    59.05  104.83  104.83    0.00   1.00  56.70
sdd               1.00     0.00  563.00    0.00  2256.00     0.00     8.01    60.06  107.16  107.16    0.00   1.01  56.70
bcache0           0.00     0.00  564.00    0.00  2256.00     0.00     8.00    64.75  114.80  114.80    0.00   1.01  57.20
bcache1           0.00     0.00  571.00    0.00  2284.00     0.00     8.00    63.40  111.03  111.03    0.00   0.99  56.50
bcache2           0.00     0.00  563.00    0.00  2252.00     0.00     8.00    64.28  114.17  114.17    0.00   1.00  56.50

avg-cpu:  %user   %nice %system %iowait  %steal   %idle
           1.50    0.00    0.63   11.58    0.00   86.29

Device:         rrqm/s   wrqm/s     r/s     w/s    rkB/s    wkB/s avgrq-sz avgqu-sz   await r_await w_await  svctm  %util
nvme0n1           0.00     0.00    8.00 1728.00    32.00  7598.50     8.79     0.00    0.01    0.12    0.01   0.53  91.30
sda               0.00     0.00    0.00    0.00     0.00     0.00     0.00     0.00    0.00    0.00    0.00   0.00   0.00
dm-0              0.00     0.00    0.00    0.00     0.00     0.00     0.00     0.00    0.00    0.00    0.00   0.00   0.00
dm-1              0.00     0.00    0.00    0.00     0.00     0.00     0.00     0.00    0.00    0.00    0.00   0.00   0.00
dm-2              0.00     0.00    0.00    0.00     0.00     0.00     0.00     0.00    0.00    0.00    0.00   0.00   0.00
sdb               0.00     0.00  563.00    0.00  2252.00     0.00     8.00    57.79  103.14  103.14    0.00   1.02  57.40
sdc               0.00     0.00  571.00    0.00  2284.00     0.00     8.00    60.42  106.30  106.30    0.00   1.02  58.30
sdd               0.00     0.00  567.00    0.00  2268.00     0.00     8.00    57.10  101.21  101.21    0.00   1.00  56.80
bcache0           0.00     0.00  566.00    0.00  2264.00     0.00     8.00    62.27  110.02  110.02    0.00   1.01  57.40
bcache1           0.00     0.00  577.00    0.00  2308.00     0.00     8.00    67.98  117.82  117.82    0.00   1.00  57.80
bcache2           0.00     0.00  572.00    0.00  2288.00     0.00     8.00    61.54  107.58  107.58    0.00   1.00  57.10

avg-cpu:  %user   %nice %system %iowait  %steal   %idle
           0.06    0.00    0.53   14.07    0.00   85.33

Device:         rrqm/s   wrqm/s     r/s     w/s    rkB/s    wkB/s avgrq-sz avgqu-sz   await r_await w_await  svctm  %util
nvme0n1           0.00     0.00   13.00 1742.00    52.00  6968.50     8.00     0.00    0.02    0.15    0.01   0.53  92.60
sda               0.00     0.00    0.00    0.00     0.00     0.00     0.00     0.00    0.00    0.00    0.00   0.00   0.00
dm-0              0.00     0.00    0.00    0.00     0.00     0.00     0.00     0.00    0.00    0.00    0.00   0.00   0.00
dm-1              0.00     0.00    0.00    0.00     0.00     0.00     0.00     0.00    0.00    0.00    0.00   0.00   0.00
dm-2              0.00     0.00    0.00    0.00     0.00     0.00     0.00     0.00    0.00    0.00    0.00   0.00   0.00
sdb               0.00     0.00  566.00    0.00  2264.00     0.00     8.00    59.66  105.90  105.90    0.00   1.02  57.60
sdc               0.00     0.00  572.00    0.00  2288.00     0.00     8.00    59.56  104.63  104.63    0.00   1.02  58.40
sdd               0.00     0.00  583.00    0.00  2332.00     0.00     8.00    59.71  102.93  102.93    0.00   0.99  58.00
bcache0           0.00     0.00  574.00    0.00  2296.00     0.00     8.00    63.83  111.21  111.21    0.00   1.00  57.40
bcache1           0.00     0.00  571.00    0.00  2284.00     0.00     8.00    63.66  111.48  111.48    0.00   1.02  58.20
bcache2           0.00     0.00  588.00    0.00  2352.00     0.00     8.00    63.85  108.59  108.59    0.00   0.98  57.80

avg-cpu:  %user   %nice %system %iowait  %steal   %idle
           0.06    0.00    0.60   13.72    0.00   85.62

Device:         rrqm/s   wrqm/s     r/s     w/s    rkB/s    wkB/s avgrq-sz avgqu-sz   await r_await w_await  svctm  %util
nvme0n1           0.00     0.00   20.00 1720.00    80.00  6886.00     8.01     0.00    0.02    0.15    0.01   0.53  92.20
sda               0.00     0.00    0.00    0.00     0.00     0.00     0.00     0.00    0.00    0.00    0.00   0.00   0.00
dm-0              0.00     0.00    0.00    0.00     0.00     0.00     0.00     0.00    0.00    0.00    0.00   0.00   0.00
dm-1              0.00     0.00    0.00    0.00     0.00     0.00     0.00     0.00    0.00    0.00    0.00   0.00   0.00
dm-2              0.00     0.00    0.00    0.00     0.00     0.00     0.00     0.00    0.00    0.00    0.00   0.00   0.00
sdb               0.00     0.00  567.00    0.00  2268.00     0.00     8.00    60.18  106.61  106.61    0.00   1.02  57.70
sdc               0.00     0.00  572.00    0.00  2288.00     0.00     8.00    60.10  105.56  105.56    0.00   1.03  58.70
sdd               0.00     0.00  560.00    0.00  2240.00     0.00     8.00    59.53  106.82  106.82    0.00   1.02  56.90
bcache0           0.00     0.00  574.00    0.00  2296.00     0.00     8.00    64.64  112.61  112.61    0.00   1.01  58.10
bcache1           0.00     0.00  580.00    0.00  2320.00     0.00     8.00    64.55  111.30  111.30    0.00   1.01  58.70
bcache2           0.00     0.00  570.00    0.00  2280.00     0.00     8.00    63.72  111.79  111.79    0.00   1.00  56.90

avg-cpu:  %user   %nice %system %iowait  %steal   %idle
           0.09    0.00    0.69   11.70    0.00   87.52

Device:         rrqm/s   wrqm/s     r/s     w/s    rkB/s    wkB/s avgrq-sz avgqu-sz   await r_await w_await  svctm  %util
nvme0n1           0.00     0.00   16.00 1742.00    64.00  7638.00     8.76     0.00    0.02    0.12    0.02   0.52  92.20
sda               0.00     0.00    0.00    0.00     0.00     0.00     0.00     0.00    0.00    0.00    0.00   0.00   0.00
dm-0              0.00     0.00    0.00    0.00     0.00     0.00     0.00     0.00    0.00    0.00    0.00   0.00   0.00
dm-1              0.00     0.00    0.00    0.00     0.00     0.00     0.00     0.00    0.00    0.00    0.00   0.00   0.00
dm-2              0.00     0.00    0.00    0.00     0.00     0.00     0.00     0.00    0.00    0.00    0.00   0.00   0.00
sdb               0.00     0.00  582.00    0.00  2328.00     0.00     8.00    60.37  104.23  104.23    0.00   1.02  59.10
sdc               0.00     0.00  570.00    0.00  2280.00     0.00     8.00    60.19  106.08  106.08    0.00   1.02  57.90
sdd               0.00     0.00  564.00    0.00  2256.00     0.00     8.00    60.88  108.45  108.45    0.00   1.02  57.80
bcache0           0.00     0.00  584.00    0.00  2336.00     0.00     8.00    64.45  110.37  110.37    0.00   1.00  58.50
bcache1           0.00     0.00  571.00    0.00  2284.00     0.00     8.00    64.56  113.06  113.06    0.00   1.02  58.00
bcache2           0.00     0.00  565.00    0.00  2260.00     0.00     8.00    65.33  115.62  115.62    0.00   1.02  57.90

