Linux 5.2.4-1.el7.elrepo.x86_64 (sfx-010) 	08/02/2019 	_x86_64_	(32 CPU)

avg-cpu:  %user   %nice %system %iowait  %steal   %idle
           0.60    0.00    1.90    5.28    0.00   92.22

Device:         rrqm/s   wrqm/s     r/s     w/s    rkB/s    wkB/s avgrq-sz avgqu-sz   await r_await w_await  svctm  %util
nvme0n1           0.00   142.18 66007.30  421.22 264032.91  1731.00     8.00    13.77    0.05    0.05    0.04   0.00  32.31
sda               0.00     0.08    0.09    0.41     2.40     5.27    30.45     0.00    4.90    5.62    4.73   0.49   0.02
dm-0              0.00     0.00    0.08    0.49     2.13     5.53    27.10     0.00    4.77    5.86    4.59   0.42   0.02
dm-1              0.00     0.00    0.00    0.00     0.02     0.00    50.64     0.00   36.88   36.88    0.00   0.56   0.00
dm-2              0.00     0.00    0.01    0.00     0.19     0.03    31.19     0.00    3.65    3.27    6.23   0.59   0.00
sdb               0.01     0.01  122.48    0.08   493.02     0.31     8.05    15.29  125.26  125.24  170.75   1.04  12.72
sdc               0.01     0.01  127.70    2.44   513.92     9.78     8.05    15.93  122.91  125.10    8.13   1.03  13.36
sdd               0.01     0.02  128.56    2.42   517.35     9.73     8.05    16.05  123.00  125.16    8.61   1.02  13.39
bcache0           0.00     0.00    0.00    0.00     0.02     0.00    44.35     0.00    0.38    0.38    0.00   0.21   0.00
bcache1           0.00     0.00    0.00    0.00     0.02     0.00    44.35     0.00    0.28    0.28    0.00   0.24   0.00
bcache2           0.00     0.00    0.00    0.00     0.02     0.00    44.35     0.00    0.40    0.40    0.00   0.23   0.00

avg-cpu:  %user   %nice %system %iowait  %steal   %idle
           0.81    0.00    1.22   14.72    0.00   83.24

Device:         rrqm/s   wrqm/s     r/s     w/s    rkB/s    wkB/s avgrq-sz avgqu-sz   await r_await w_await  svctm  %util
nvme0n1           0.00     0.00    0.00  707.00     0.00  3322.00     9.40     0.00    0.04    0.00    0.04   0.60  42.60
sda               0.00     0.00    0.00    0.00     0.00     0.00     0.00     0.00    0.00    0.00    0.00   0.00   0.00
dm-0              0.00     0.00    0.00    0.00     0.00     0.00     0.00     0.00    0.00    0.00    0.00   0.00   0.00
dm-1              0.00     0.00    0.00    0.00     0.00     0.00     0.00     0.00    0.00    0.00    0.00   0.00   0.00
dm-2              0.00     0.00    0.00    0.00     0.00     0.00     0.00     0.00    0.00    0.00    0.00   0.00   0.00
sdb               0.00     0.00  230.00    0.00   920.00     0.00     8.00    25.09  109.52  109.52    0.00   1.03  23.70
sdc               0.00     0.00  224.00    0.00   896.00     0.00     8.00    24.98  112.02  112.02    0.00   1.05  23.60
sdd               0.00     0.00  239.00    0.00   956.00     0.00     8.00    24.62  103.51  103.51    0.00   1.05  25.20
bcache0           0.00     0.00  292.00    0.00  1168.00     0.00     8.00    26.63   91.19   91.19    0.00   0.81  23.60
bcache1           0.00     0.00  292.00    0.00  1168.00     0.00     8.00    26.37   90.30   90.30    0.00   0.80  23.40
bcache2           0.00     0.00  300.00    0.00  1200.00     0.00     8.00    26.33   87.77   87.77    0.00   0.84  25.20

avg-cpu:  %user   %nice %system %iowait  %steal   %idle
           0.06    0.00    0.44   28.36    0.00   71.14

Device:         rrqm/s   wrqm/s     r/s     w/s    rkB/s    wkB/s avgrq-sz avgqu-sz   await r_await w_await  svctm  %util
nvme0n1           0.00     0.00    1.00 1386.00     4.00  5547.50     8.01     0.00    0.04    0.00    0.04   0.62  85.60
sda               0.00     0.00    0.00    0.00     0.00     0.00     0.00     0.00    0.00    0.00    0.00   0.00   0.00
dm-0              0.00     0.00    0.00    0.00     0.00     0.00     0.00     0.00    0.00    0.00    0.00   0.00   0.00
dm-1              0.00     0.00    0.00    0.00     0.00     0.00     0.00     0.00    0.00    0.00    0.00   0.00   0.00
dm-2              0.00     0.00    0.00    0.00     0.00     0.00     0.00     0.00    0.00    0.00    0.00   0.00   0.00
sdb               0.00     0.00  449.00    0.00  1796.00     0.00     8.00    59.67  133.39  133.39    0.00   1.03  46.40
sdc               0.00     0.00  453.00    0.00  1812.00     0.00     8.00    60.77  134.67  134.67    0.00   1.04  46.90
sdd               0.00     0.00  468.00    0.00  1872.00     0.00     8.00    60.41  129.56  129.56    0.00   1.03  48.30
bcache0           0.00     0.00  448.00    0.00  1792.00     0.00     8.00    63.75  142.30  142.30    0.00   1.03  46.30
bcache1           0.00     0.00  449.00    0.00  1796.00     0.00     8.00    65.31  145.45  145.45    0.00   1.04  46.90
bcache2           0.00     0.00  472.00    0.00  1888.00     0.00     8.00    64.51  136.67  136.67    0.00   1.01  47.80

avg-cpu:  %user   %nice %system %iowait  %steal   %idle
           0.06    0.00    0.50   25.90    0.00   73.53

Device:         rrqm/s   wrqm/s     r/s     w/s    rkB/s    wkB/s avgrq-sz avgqu-sz   await r_await w_await  svctm  %util
nvme0n1           0.00     0.00    0.00 1404.00     0.00  5615.00     8.00     0.00    0.04    0.00    0.04   0.60  84.20
sda               0.00     0.00    0.00    0.00     0.00     0.00     0.00     0.00    0.00    0.00    0.00   0.00   0.00
dm-0              0.00     0.00    0.00    0.00     0.00     0.00     0.00     0.00    0.00    0.00    0.00   0.00   0.00
dm-1              0.00     0.00    0.00    0.00     0.00     0.00     0.00     0.00    0.00    0.00    0.00   0.00   0.00
dm-2              0.00     0.00    0.00    0.00     0.00     0.00     0.00     0.00    0.00    0.00    0.00   0.00   0.00
sdb               0.00     0.00  473.00    0.00  1892.00     0.00     8.00    60.46  128.33  128.33    0.00   1.05  49.50
sdc               0.00     0.00  460.00    0.00  1840.00     0.00     8.00    59.20  129.20  129.20    0.00   1.03  47.50
sdd               0.00     0.00  455.00    0.00  1820.00     0.00     8.00    60.05  132.46  132.46    0.00   1.04  47.20
bcache0           0.00     0.00  480.00    0.00  1920.00     0.00     8.00    65.02  135.46  135.46    0.00   1.02  49.20
bcache1           0.00     0.00  464.00    0.00  1856.00     0.00     8.00    63.21  136.23  136.23    0.00   1.01  46.90
bcache2           0.00     0.00  456.00    0.00  1824.00     0.00     8.00    64.08  140.53  140.53    0.00   1.03  46.80

avg-cpu:  %user   %nice %system %iowait  %steal   %idle
           0.06    0.00    0.50   25.61    0.00   73.82

Device:         rrqm/s   wrqm/s     r/s     w/s    rkB/s    wkB/s avgrq-sz avgqu-sz   await r_await w_await  svctm  %util
nvme0n1           0.00     0.00    1.00 1383.00     4.00  6029.00     8.72     0.00    0.04    0.00    0.04   0.60  83.30
sda               0.00     0.00    0.00    0.00     0.00     0.00     0.00     0.00    0.00    0.00    0.00   0.00   0.00
dm-0              0.00     0.00    0.00    0.00     0.00     0.00     0.00     0.00    0.00    0.00    0.00   0.00   0.00
dm-1              0.00     0.00    0.00    0.00     0.00     0.00     0.00     0.00    0.00    0.00    0.00   0.00   0.00
dm-2              0.00     0.00    0.00    0.00     0.00     0.00     0.00     0.00    0.00    0.00    0.00   0.00   0.00
sdb               0.00     0.00  452.00    0.00  1808.00     0.00     8.00    60.41  134.15  134.15    0.00   1.04  47.10
sdc               0.00     0.00  454.00    0.00  1816.00     0.00     8.00    60.02  132.72  132.72    0.00   1.04  47.20
sdd               0.00     0.00  456.00    0.00  1824.00     0.00     8.00    59.28  130.50  130.50    0.00   1.03  47.10
bcache0           0.00     0.00  449.00    0.00  1796.00     0.00     8.00    64.48  143.61  143.61    0.00   1.05  47.00
bcache1           0.00     0.00  448.00    0.00  1792.00     0.00     8.00    64.17  143.23  143.23    0.00   1.05  47.10
bcache2           0.00     0.00  456.00    0.00  1824.00     0.00     8.00    63.59  139.45  139.45    0.00   1.03  46.80

avg-cpu:  %user   %nice %system %iowait  %steal   %idle
           0.03    0.00    0.44   25.08    0.00   74.45

Device:         rrqm/s   wrqm/s     r/s     w/s    rkB/s    wkB/s avgrq-sz avgqu-sz   await r_await w_await  svctm  %util
nvme0n1           0.00     0.00    1.00 1400.00     4.00  5696.00     8.14     0.00    0.04    0.00    0.04   0.59  83.20
sda               0.00     0.00    0.00    0.00     0.00     0.00     0.00     0.00    0.00    0.00    0.00   0.00   0.00
dm-0              0.00     0.00    0.00    0.00     0.00     0.00     0.00     0.00    0.00    0.00    0.00   0.00   0.00
dm-1              0.00     0.00    0.00    0.00     0.00     0.00     0.00     0.00    0.00    0.00    0.00   0.00   0.00
dm-2              0.00     0.00    0.00    0.00     0.00     0.00     0.00     0.00    0.00    0.00    0.00   0.00   0.00
sdb               0.00     0.00  440.00    0.00  1760.00     0.00     8.00    59.47  135.64  135.64    0.00   1.03  45.30
sdc               0.00     0.00  462.00    0.00  1848.00     0.00     8.00    61.39  133.37  133.37    0.00   1.02  47.30
sdd               0.00     0.00  480.00    0.00  1920.00     0.00     8.00    62.05  129.75  129.75    0.00   1.03  49.40
bcache0           0.00     0.00  440.00    0.00  1760.00     0.00     8.00    63.52  144.36  144.36    0.00   1.02  44.90
bcache1           0.00     0.00  464.00    0.00  1856.00     0.00     8.00    65.88  141.97  141.97    0.00   1.01  46.80
bcache2           0.00     0.00  481.00    0.00  1924.00     0.00     8.00    66.36  137.95  137.95    0.00   1.02  49.00

