Linux 5.2.4-1.el7.elrepo.x86_64 (sfx-010) 	08/02/2019 	_x86_64_	(32 CPU)

avg-cpu:  %user   %nice %system %iowait  %steal   %idle
           0.60    0.00    1.90    5.28    0.00   92.21

Device:         rrqm/s   wrqm/s     r/s     w/s    rkB/s    wkB/s avgrq-sz avgqu-sz   await r_await w_await  svctm  %util
nvme0n1           0.00   137.60 66082.65  420.32 264334.21  1728.85     8.00    13.79    0.05    0.05    0.04   0.00  32.33
sda               0.00     0.07    0.09    0.41     2.40     5.21    30.52     0.00    4.89    5.62    4.73   0.49   0.02
dm-0              0.00     0.00    0.08    0.48     2.13     5.47    27.27     0.00    4.77    5.86    4.59   0.42   0.02
dm-1              0.00     0.00    0.00    0.00     0.02     0.00    50.64     0.00   36.88   36.88    0.00   0.56   0.00
dm-2              0.00     0.00    0.01    0.00     0.19     0.03    31.19     0.00    3.65    3.27    6.23   0.59   0.00
sdb               0.01     0.01  122.53    0.08   493.12     0.31     8.05    15.30  125.27  125.24  171.00   1.04  12.73
sdc               0.01     0.01  127.75    2.44   514.04     9.79     8.05    15.94  122.91  125.11    8.13   1.03  13.36
sdd               0.01     0.02  128.61    2.43   517.48     9.74     8.05    16.05  123.00  125.16    8.61   1.02  13.39
bcache0           0.00     0.00    0.00    0.00     0.02     0.00    44.35     0.00    0.43    0.43    0.00   0.27   0.00
bcache1           0.00     0.00    0.00    0.00     0.02     0.00    44.35     0.00    0.20    0.20    0.00   0.22   0.00
bcache2           0.00     0.00    0.00    0.00     0.02     0.00    44.35     0.00    0.47    0.47    0.00   0.20   0.00

avg-cpu:  %user   %nice %system %iowait  %steal   %idle
           0.81    0.00    1.22   14.69    0.00   83.27

Device:         rrqm/s   wrqm/s     r/s     w/s    rkB/s    wkB/s avgrq-sz avgqu-sz   await r_await w_await  svctm  %util
nvme0n1           0.00     0.00    2.00  729.00     8.00  3411.50     9.36     0.00    0.04    1.00    0.04   0.60  43.60
sda               0.00     0.00    0.00    0.00     0.00     0.00     0.00     0.00    0.00    0.00    0.00   0.00   0.00
dm-0              0.00     0.00    0.00    0.00     0.00     0.00     0.00     0.00    0.00    0.00    0.00   0.00   0.00
dm-1              0.00     0.00    0.00    0.00     0.00     0.00     0.00     0.00    0.00    0.00    0.00   0.00   0.00
dm-2              0.00     0.00    0.00    0.00     0.00     0.00     0.00     0.00    0.00    0.00    0.00   0.00   0.00
sdb               0.00     0.00  241.00    0.00   964.00     0.00     8.00    24.44  101.90  101.90    0.00   1.06  25.50
sdc               0.00     0.00  237.00    0.00   948.00     0.00     8.00    25.56  108.33  108.33    0.00   1.08  25.50
sdd               0.00     0.00  238.00    0.00   952.00     0.00     8.00    24.21  102.23  102.23    0.00   1.06  25.30
bcache0           0.00     0.00  308.00    0.00  1232.00     0.00     8.00    26.14   84.85   84.85    0.00   0.82  25.40
bcache1           0.00     0.00  301.00    0.00  1204.00     0.00     8.00    27.09   90.01   90.01    0.00   0.84  25.30
bcache2           0.00     0.00  301.00    0.00  1204.00     0.00     8.00    25.65   85.22   85.22    0.00   0.84  25.20

avg-cpu:  %user   %nice %system %iowait  %steal   %idle
           0.06    0.00    0.47   26.76    0.00   72.70

Device:         rrqm/s   wrqm/s     r/s     w/s    rkB/s    wkB/s avgrq-sz avgqu-sz   await r_await w_await  svctm  %util
nvme0n1           0.00     0.00    0.00 1430.00     0.00  5724.00     8.01     0.00    0.04    0.00    0.04   0.60  85.40
sda               0.00     0.00    0.00    0.00     0.00     0.00     0.00     0.00    0.00    0.00    0.00   0.00   0.00
dm-0              0.00     0.00    0.00    0.00     0.00     0.00     0.00     0.00    0.00    0.00    0.00   0.00   0.00
dm-1              0.00     0.00    0.00    0.00     0.00     0.00     0.00     0.00    0.00    0.00    0.00   0.00   0.00
dm-2              0.00     0.00    0.00    0.00     0.00     0.00     0.00     0.00    0.00    0.00    0.00   0.00   0.00
sdb               0.00     0.00  457.00    0.00  1828.00     0.00     8.00    60.64  133.21  133.21    0.00   1.05  48.10
sdc               0.00     0.00  477.00    0.00  1908.00     0.00     8.00    60.17  126.66  126.66    0.00   1.04  49.40
sdd               0.00     0.00  480.00    0.00  1920.00     0.00     8.00    61.77  129.19  129.19    0.00   1.04  49.80
bcache0           0.00     0.00  456.00    0.00  1824.00     0.00     8.00    64.75  142.00  142.00    0.00   1.05  47.70
bcache1           0.00     0.00  480.00    0.00  1920.00     0.00     8.00    64.38  134.13  134.13    0.00   1.02  49.20
bcache2           0.00     0.00  480.00    0.00  1920.00     0.00     8.00    66.24  137.99  137.99    0.00   1.03  49.30

avg-cpu:  %user   %nice %system %iowait  %steal   %idle
           0.03    0.00    0.41   28.45    0.00   71.11

Device:         rrqm/s   wrqm/s     r/s     w/s    rkB/s    wkB/s avgrq-sz avgqu-sz   await r_await w_await  svctm  %util
nvme0n1           0.00     0.00    2.00 1415.00     8.00  5663.00     8.00     0.00    0.04    0.00    0.04   0.59  84.10
sda               0.00     0.00    0.00    0.00     0.00     0.00     0.00     0.00    0.00    0.00    0.00   0.00   0.00
dm-0              0.00     0.00    0.00    0.00     0.00     0.00     0.00     0.00    0.00    0.00    0.00   0.00   0.00
dm-1              0.00     0.00    0.00    0.00     0.00     0.00     0.00     0.00    0.00    0.00    0.00   0.00   0.00
dm-2              0.00     0.00    0.00    0.00     0.00     0.00     0.00     0.00    0.00    0.00    0.00   0.00   0.00
sdb               0.00     0.00  465.00    0.00  1860.00     0.00     8.00    60.13  129.83  129.83    0.00   1.03  47.70
sdc               0.00     0.00  477.00    0.00  1908.00     0.00     8.00    59.62  125.49  125.49    0.00   1.03  49.00
sdd               0.00     0.00  455.00    0.00  1820.00     0.00     8.00    58.12  128.24  128.24    0.00   1.03  46.90
bcache0           0.00     0.00  464.00    0.00  1856.00     0.00     8.00    64.36  138.70  138.70    0.00   1.03  47.80
bcache1           0.00     0.00  474.00    0.00  1896.00     0.00     8.00    64.07  135.16  135.16    0.00   1.04  49.10
bcache2           0.00     0.00  456.00    0.00  1824.00     0.00     8.00    62.18  136.37  136.37    0.00   1.02  46.60

avg-cpu:  %user   %nice %system %iowait  %steal   %idle
           0.06    0.00    0.50   28.02    0.00   71.42

Device:         rrqm/s   wrqm/s     r/s     w/s    rkB/s    wkB/s avgrq-sz avgqu-sz   await r_await w_await  svctm  %util
nvme0n1           0.00     0.00    4.00 1447.00    16.00  6284.00     8.68     0.00    0.04    0.25    0.04   0.59  85.60
sda               0.00     0.00    0.00    0.00     0.00     0.00     0.00     0.00    0.00    0.00    0.00   0.00   0.00
dm-0              0.00     0.00    0.00    0.00     0.00     0.00     0.00     0.00    0.00    0.00    0.00   0.00   0.00
dm-1              0.00     0.00    0.00    0.00     0.00     0.00     0.00     0.00    0.00    0.00    0.00   0.00   0.00
dm-2              0.00     0.00    0.00    0.00     0.00     0.00     0.00     0.00    0.00    0.00    0.00   0.00   0.00
sdb               0.00     0.00  472.00    0.00  1888.00     0.00     8.00    61.24  130.26  130.26    0.00   1.05  49.40
sdc               0.00     0.00  488.00    0.00  1952.00     0.00     8.00    60.19  123.83  123.83    0.00   1.03  50.40
sdd               0.00     0.00  465.00    0.00  1860.00     0.00     8.00    61.97  133.77  133.77    0.00   1.03  48.00
bcache0           0.00     0.00  473.00    0.00  1892.00     0.00     8.00    65.67  138.85  138.85    0.00   1.04  49.40
bcache1           0.00     0.00  489.00    0.00  1956.00     0.00     8.00    64.40  131.71  131.71    0.00   1.03  50.30
bcache2           0.00     0.00  466.00    0.00  1864.00     0.00     8.00    66.47  142.63  142.63    0.00   1.03  47.80

avg-cpu:  %user   %nice %system %iowait  %steal   %idle
           0.09    0.00    0.44   25.26    0.00   74.21

Device:         rrqm/s   wrqm/s     r/s     w/s    rkB/s    wkB/s avgrq-sz avgqu-sz   await r_await w_await  svctm  %util
nvme0n1           0.00     0.00    1.00 1415.00     4.00  5753.00     8.13     0.00    0.04    0.00    0.04   0.60  85.00
sda               0.00     0.00    0.00    0.00     0.00     0.00     0.00     0.00    0.00    0.00    0.00   0.00   0.00
dm-0              0.00     0.00    0.00    0.00     0.00     0.00     0.00     0.00    0.00    0.00    0.00   0.00   0.00
dm-1              0.00     0.00    0.00    0.00     0.00     0.00     0.00     0.00    0.00    0.00    0.00   0.00   0.00
dm-2              0.00     0.00    0.00    0.00     0.00     0.00     0.00     0.00    0.00    0.00    0.00   0.00   0.00
sdb               0.00     0.00  473.00    0.00  1892.00     0.00     8.00    57.62  122.31  122.31    0.00   1.02  48.30
sdc               0.00     0.00  458.00    0.00  1832.00     0.00     8.00    57.97  127.06  127.06    0.00   1.04  47.70
sdd               0.00     0.00  467.00    0.00  1868.00     0.00     8.00    57.85  124.37  124.37    0.00   1.03  48.30
bcache0           0.00     0.00  476.00    0.00  1904.00     0.00     8.00    64.20  134.88  134.88    0.00   1.01  48.20
bcache1           0.00     0.00  464.00    0.00  1856.00     0.00     8.00    61.96  133.54  133.54    0.00   1.02  47.40
bcache2           0.00     0.00  473.00    0.00  1892.00     0.00     8.00    61.98  131.03  131.03    0.00   1.02  48.20

avg-cpu:  %user   %nice %system %iowait  %steal   %idle
           2.88    0.00    0.56   27.34    0.00   69.21

Device:         rrqm/s   wrqm/s     r/s     w/s    rkB/s    wkB/s avgrq-sz avgqu-sz   await r_await w_await  svctm  %util
nvme0n1           0.00     0.00    4.00 1462.00    16.00  5852.00     8.01     0.00    0.03    0.25    0.03   0.59  86.50
sda               0.00     0.00    0.00    3.00     0.00    20.00    13.33     0.00    0.33    0.00    0.33   0.33   0.10
dm-0              0.00     0.00    0.00    3.00     0.00    20.00    13.33     0.00    0.00    0.00    0.00   0.33   0.10
dm-1              0.00     0.00    0.00    0.00     0.00     0.00     0.00     0.00    0.00    0.00    0.00   0.00   0.00
dm-2              0.00     0.00    0.00    0.00     0.00     0.00     0.00     0.00    0.00    0.00    0.00   0.00   0.00
sdb               0.00     0.00  479.00    0.00  1916.00     0.00     8.00    59.81  125.36  125.36    0.00   1.02  48.80
sdc               0.00     0.00  467.00    0.00  1868.00     0.00     8.00    60.39  129.81  129.81    0.00   1.02  47.50
sdd               0.00     0.00  499.00    0.00  1996.00     0.00     8.00    61.02  122.79  122.79    0.00   1.02  50.90
bcache0           0.00     0.00  474.00    0.00  1896.00     0.00     8.00    64.18  135.39  135.39    0.00   1.02  48.40
bcache1           0.00     0.00  466.00    0.00  1864.00     0.00     8.00    64.67  138.77  138.77    0.00   1.02  47.30
bcache2           0.00     0.00  496.00    0.00  1984.00     0.00     8.00    65.40  131.85  131.85    0.00   1.02  50.80

avg-cpu:  %user   %nice %system %iowait  %steal   %idle
           1.60    0.00    0.66   26.25    0.00   71.50

Device:         rrqm/s   wrqm/s     r/s     w/s    rkB/s    wkB/s avgrq-sz avgqu-sz   await r_await w_await  svctm  %util
nvme0n1           0.00     0.00    4.00 1442.00    16.00  6424.50     8.91     0.00    0.03    0.00    0.03   0.60  86.40
sda               0.00     0.00    0.00    0.00     0.00     0.00     0.00     0.00    0.00    0.00    0.00   0.00   0.00
dm-0              0.00     0.00    0.00    0.00     0.00     0.00     0.00     0.00    0.00    0.00    0.00   0.00   0.00
dm-1              0.00     0.00    0.00    0.00     0.00     0.00     0.00     0.00    0.00    0.00    0.00   0.00   0.00
dm-2              0.00     0.00    0.00    0.00     0.00     0.00     0.00     0.00    0.00    0.00    0.00   0.00   0.00
sdb               0.00     0.00  474.00    0.00  1896.00     0.00     8.00    60.60  128.35  128.35    0.00   1.02  48.20
sdc               0.00     0.00  463.00    0.00  1852.00     0.00     8.00    60.99  132.24  132.24    0.00   1.03  47.70
sdd               0.00     0.00  483.00    0.00  1932.00     0.00     8.00    59.55  123.78  123.78    0.00   1.02  49.40
bcache0           0.00     0.00  483.00    0.00  1932.00     0.00     8.00    65.00  134.57  134.57    0.00   1.00  48.30
bcache1           0.00     0.00  465.00    0.00  1860.00     0.00     8.00    65.23  140.27  140.27    0.00   1.03  47.70
bcache2           0.00     0.00  480.00    0.00  1920.00     0.00     8.00    63.43  132.15  132.15    0.00   1.03  49.30

avg-cpu:  %user   %nice %system %iowait  %steal   %idle
           0.09    0.00    0.72   24.92    0.00   74.26

Device:         rrqm/s   wrqm/s     r/s     w/s    rkB/s    wkB/s avgrq-sz avgqu-sz   await r_await w_await  svctm  %util
nvme0n1           0.00     0.00    1.00 1427.00     4.00  5901.00     8.27     0.00    0.04    0.00    0.04   0.60  85.20
sda               0.00     0.00    0.00    0.00     0.00     0.00     0.00     0.00    0.00    0.00    0.00   0.00   0.00
dm-0              0.00     0.00    0.00    0.00     0.00     0.00     0.00     0.00    0.00    0.00    0.00   0.00   0.00
dm-1              0.00     0.00    0.00    0.00     0.00     0.00     0.00     0.00    0.00    0.00    0.00   0.00   0.00
dm-2              0.00     0.00    0.00    0.00     0.00     0.00     0.00     0.00    0.00    0.00    0.00   0.00   0.00
sdb               0.00     0.00  460.00    0.00  1840.00     0.00     8.00    58.35  127.36  127.36    0.00   1.03  47.50
sdc               0.00     0.00  480.00    0.00  1920.00     0.00     8.00    58.78  122.95  122.95    0.00   1.04  50.00
sdd               0.00     0.00  469.00    0.00  1876.00     0.00     8.00    58.84  125.94  125.94    0.00   1.04  48.70
bcache0           0.00     0.00  457.00    0.00  1828.00     0.00     8.00    62.55  136.88  136.88    0.00   1.04  47.50
bcache1           0.00     0.00  481.00    0.00  1924.00     0.00     8.00    63.80  132.63  132.63    0.00   1.03  49.60
bcache2           0.00     0.00  474.00    0.00  1896.00     0.00     8.00    63.12  133.17  133.17    0.00   1.01  48.10

avg-cpu:  %user   %nice %system %iowait  %steal   %idle
           0.09    0.00    0.63   24.60    0.00   74.68

Device:         rrqm/s   wrqm/s     r/s     w/s    rkB/s    wkB/s avgrq-sz avgqu-sz   await r_await w_await  svctm  %util
nvme0n1           0.00     0.00    2.00 1423.00     8.00  6187.00     8.69     0.00    0.04    0.50    0.04   0.59  83.70
sda               0.00     0.00    0.00    0.00     0.00     0.00     0.00     0.00    0.00    0.00    0.00   0.00   0.00
dm-0              0.00     0.00    0.00    0.00     0.00     0.00     0.00     0.00    0.00    0.00    0.00   0.00   0.00
dm-1              0.00     0.00    0.00    0.00     0.00     0.00     0.00     0.00    0.00    0.00    0.00   0.00   0.00
dm-2              0.00     0.00    0.00    0.00     0.00     0.00     0.00     0.00    0.00    0.00    0.00   0.00   0.00
sdb               0.00     0.00  465.00    0.00  1860.00     0.00     8.00    60.20  129.94  129.94    0.00   1.03  48.00
sdc               0.00     0.00  462.00    0.00  1848.00     0.00     8.00    59.88  130.11  130.11    0.00   1.03  47.70
sdd               0.00     0.00  472.00    0.00  1888.00     0.00     8.00    60.26  128.18  128.18    0.00   1.03  48.40
bcache0           0.00     0.00  465.00    0.00  1860.00     0.00     8.00    64.31  138.29  138.29    0.00   1.02  47.60
bcache1           0.00     0.00  465.00    0.00  1860.00     0.00     8.00    64.11  137.86  137.86    0.00   1.02  47.60
bcache2           0.00     0.00  472.00    0.00  1888.00     0.00     8.00    64.59  136.83  136.83    0.00   1.03  48.40

avg-cpu:  %user   %nice %system %iowait  %steal   %idle
           0.06    0.00    0.66   23.94    0.00   75.34

Device:         rrqm/s   wrqm/s     r/s     w/s    rkB/s    wkB/s avgrq-sz avgqu-sz   await r_await w_await  svctm  %util
nvme0n1           0.00     0.00    9.00 1427.00    36.00  5708.00     8.00     0.00    0.04    0.11    0.04   0.59  84.30
sda               0.00     0.00    0.00    0.00     0.00     0.00     0.00     0.00    0.00    0.00    0.00   0.00   0.00
dm-0              0.00     0.00    0.00    0.00     0.00     0.00     0.00     0.00    0.00    0.00    0.00   0.00   0.00
dm-1              0.00     0.00    0.00    0.00     0.00     0.00     0.00     0.00    0.00    0.00    0.00   0.00   0.00
dm-2              0.00     0.00    0.00    0.00     0.00     0.00     0.00     0.00    0.00    0.00    0.00   0.00   0.00
sdb               0.00     0.00  470.00    0.00  1880.00     0.00     8.00    61.21  130.73  130.73    0.00   1.03  48.40
sdc               0.00     0.00  482.00    0.00  1928.00     0.00     8.00    59.74  124.43  124.43    0.00   1.05  50.40
sdd               0.00     0.00  460.00    0.00  1840.00     0.00     8.00    59.76  130.40  130.40    0.00   1.03  47.50
bcache0           0.00     0.00  476.00    0.00  1904.00     0.00     8.00    65.29  137.16  137.16    0.00   1.01  48.10
bcache1           0.00     0.00  482.00    0.00  1928.00     0.00     8.00    64.05  132.88  132.88    0.00   1.04  50.20
bcache2           0.00     0.00  459.00    0.00  1836.00     0.00     8.00    63.78  138.95  138.95    0.00   1.02  46.90

