Linux 5.2.4-1.el7.elrepo.x86_64 (sfx-010) 	08/02/2019 	_x86_64_	(32 CPU)

avg-cpu:  %user   %nice %system %iowait  %steal   %idle
           0.60    0.00    1.91    5.29    0.00   92.20

Device:         rrqm/s   wrqm/s     r/s     w/s    rkB/s    wkB/s avgrq-sz avgqu-sz   await r_await w_await  svctm  %util
nvme0n1           0.00   125.32 66281.40  417.90 265128.90  1723.14     8.00    13.83    0.05    0.05    0.04   0.00  32.39
sda               0.00     0.07    0.09    0.39     2.41     5.07    30.91     0.00    4.87    5.62    4.69   0.49   0.02
dm-0              0.00     0.00    0.08    0.46     2.14     5.32    27.77     0.00    4.74    5.86    4.55   0.43   0.02
dm-1              0.00     0.00    0.00    0.00     0.02     0.00    50.64     0.00   36.88   36.88    0.00   0.56   0.00
dm-2              0.00     0.00    0.01    0.00     0.19     0.03    31.19     0.00    3.65    3.27    6.23   0.59   0.00
sdb               0.01     0.01  122.66    0.08   493.40     0.31     8.04    15.32  125.28  125.26  171.64   1.04  12.75
sdc               0.01     0.01  127.91    2.45   514.39     9.82     8.04    15.96  122.92  125.12    8.13   1.03  13.38
sdd               0.01     0.01  128.77    2.43   517.84     9.77     8.04    16.07  123.01  125.17    8.61   1.02  13.41
bcache0           0.00     0.00    0.00    0.00     0.02     0.00    44.35     0.00    0.38    0.38    0.00   0.24   0.00
bcache1           0.00     0.00    0.00    0.00     0.02     0.00    44.35     0.00    0.43    0.43    0.00   0.25   0.00
bcache2           0.00     0.00    0.00    0.00     0.02     0.00    44.35     0.00    0.48    0.48    0.00   0.21   0.00

avg-cpu:  %user   %nice %system %iowait  %steal   %idle
           0.85    0.00    1.25    4.16    0.00   93.74

Device:         rrqm/s   wrqm/s     r/s     w/s    rkB/s    wkB/s avgrq-sz avgqu-sz   await r_await w_await  svctm  %util
nvme0n1           0.00     0.00    1.00  795.00     4.00  3675.50     9.24     0.00    0.02    0.00    0.02   0.55  43.80
sda               0.00     0.00    0.00    0.00     0.00     0.00     0.00     0.00    0.00    0.00    0.00   0.00   0.00
dm-0              0.00     0.00    0.00    0.00     0.00     0.00     0.00     0.00    0.00    0.00    0.00   0.00   0.00
dm-1              0.00     0.00    0.00    0.00     0.00     0.00     0.00     0.00    0.00    0.00    0.00   0.00   0.00
dm-2              0.00     0.00    0.00    0.00     0.00     0.00     0.00     0.00    0.00    0.00    0.00   0.00   0.00
sdb               0.00     0.00  264.00    0.00  1056.00     0.00     8.00    25.57   97.35   97.35    0.00   1.05  27.60
sdc               0.00     0.00  260.00    0.00  1040.00     0.00     8.00    24.42   94.40   94.40    0.00   1.05  27.20
sdd               0.00     0.00  258.00    0.00  1032.00     0.00     8.00    25.00   97.42   97.42    0.00   1.06  27.40
bcache0           0.00     0.00  332.00    0.00  1328.00     0.00     8.00    27.16   81.80   81.80    0.00   0.83  27.60
bcache1           0.00     0.00  324.00    0.00  1296.00     0.00     8.00    26.01   80.27   80.27    0.00   0.83  27.00
bcache2           0.00     0.00  325.00    0.00  1300.00     0.00     8.00    26.71   82.20   82.20    0.00   0.83  26.90

avg-cpu:  %user   %nice %system %iowait  %steal   %idle
           0.06    0.00    0.31    4.17    0.00   95.46

Device:         rrqm/s   wrqm/s     r/s     w/s    rkB/s    wkB/s avgrq-sz avgqu-sz   await r_await w_await  svctm  %util
nvme0n1           0.00     0.00    0.00 1567.00     0.00  6271.00     8.00     0.00    0.02    0.00    0.02   0.57  88.80
sda               0.00     0.00    0.00    0.00     0.00     0.00     0.00     0.00    0.00    0.00    0.00   0.00   0.00
dm-0              0.00     0.00    0.00    0.00     0.00     0.00     0.00     0.00    0.00    0.00    0.00   0.00   0.00
dm-1              0.00     0.00    0.00    0.00     0.00     0.00     0.00     0.00    0.00    0.00    0.00   0.00   0.00
dm-2              0.00     0.00    0.00    0.00     0.00     0.00     0.00     0.00    0.00    0.00    0.00   0.00   0.00
sdb               0.00     0.00  503.00    0.00  2012.00     0.00     8.00    58.44  116.66  116.66    0.00   1.02  51.10
sdc               0.00     0.00  522.00    0.00  2088.00     0.00     8.00    61.58  118.48  118.48    0.00   1.03  53.60
sdd               0.00     0.00  522.00    0.00  2088.00     0.00     8.00    60.27  115.97  115.97    0.00   1.02  53.50
bcache0           0.00     0.00  496.00    0.00  1984.00     0.00     8.00    62.68  126.37  126.37    0.00   1.03  51.20
bcache1           0.00     0.00  520.00    0.00  2080.00     0.00     8.00    65.86  126.65  126.65    0.00   1.03  53.40
bcache2           0.00     0.00  520.00    0.00  2080.00     0.00     8.00    64.50  124.04  124.04    0.00   1.02  53.30

avg-cpu:  %user   %nice %system %iowait  %steal   %idle
           0.03    0.00    0.38    4.92    0.00   94.67

Device:         rrqm/s   wrqm/s     r/s     w/s    rkB/s    wkB/s avgrq-sz avgqu-sz   await r_await w_await  svctm  %util
nvme0n1           0.00     0.00    4.00 1573.00    16.00  6292.50     8.00     0.00    0.02    0.25    0.02   0.55  87.10
sda               0.00     0.00    0.00    0.00     0.00     0.00     0.00     0.00    0.00    0.00    0.00   0.00   0.00
dm-0              0.00     0.00    0.00    0.00     0.00     0.00     0.00     0.00    0.00    0.00    0.00   0.00   0.00
dm-1              0.00     0.00    0.00    0.00     0.00     0.00     0.00     0.00    0.00    0.00    0.00   0.00   0.00
dm-2              0.00     0.00    0.00    0.00     0.00     0.00     0.00     0.00    0.00    0.00    0.00   0.00   0.00
sdb               0.00     0.00  514.00    0.00  2056.00     0.00     8.00    60.60  118.41  118.41    0.00   1.02  52.60
sdc               0.00     0.00  528.00    0.00  2112.00     0.00     8.00    59.49  113.17  113.17    0.00   1.02  54.10
sdd               0.00     0.00  512.00    0.00  2048.00     0.00     8.00    60.32  118.31  118.31    0.00   1.03  52.90
bcache0           0.00     0.00  521.00    0.00  2084.00     0.00     8.00    64.89  124.55  124.55    0.00   1.01  52.40
bcache1           0.00     0.00  530.00    0.00  2120.00     0.00     8.00    63.84  120.46  120.46    0.00   1.02  54.00
bcache2           0.00     0.00  513.00    0.00  2052.00     0.00     8.00    64.52  125.77  125.77    0.00   1.03  52.80

avg-cpu:  %user   %nice %system %iowait  %steal   %idle
           0.06    0.00    0.41    3.32    0.00   96.21

Device:         rrqm/s   wrqm/s     r/s     w/s    rkB/s    wkB/s avgrq-sz avgqu-sz   await r_await w_await  svctm  %util
nvme0n1           0.00     0.00    4.00 1587.00    16.00  6940.50     8.74     0.00    0.02    0.25    0.02   0.56  88.90
sda               0.00     0.00    0.00    0.00     0.00     0.00     0.00     0.00    0.00    0.00    0.00   0.00   0.00
dm-0              0.00     0.00    0.00    0.00     0.00     0.00     0.00     0.00    0.00    0.00    0.00   0.00   0.00
dm-1              0.00     0.00    0.00    0.00     0.00     0.00     0.00     0.00    0.00    0.00    0.00   0.00   0.00
dm-2              0.00     0.00    0.00    0.00     0.00     0.00     0.00     0.00    0.00    0.00    0.00   0.00   0.00
sdb               0.00     0.00  520.00    0.00  2080.00     0.00     8.00    60.89  117.61  117.61    0.00   1.02  53.00
sdc               1.00     0.00  522.00    0.00  2092.00     0.00     8.02    59.73  114.94  114.94    0.00   1.02  53.40
sdd               0.00     0.00  521.00    0.00  2084.00     0.00     8.00    61.07  117.74  117.74    0.00   1.02  53.20
bcache0           0.00     0.00  520.00    0.00  2080.00     0.00     8.00    65.28  125.53  125.53    0.00   1.01  52.50
bcache1           0.00     0.00  530.00    0.00  2120.00     0.00     8.00    63.75  120.28  120.28    0.00   1.00  53.20
bcache2           0.00     0.00  523.00    0.00  2092.00     0.00     8.00    65.39  125.03  125.03    0.00   1.01  52.90

avg-cpu:  %user   %nice %system %iowait  %steal   %idle
           0.06    0.00    0.34    4.04    0.00   95.55

Device:         rrqm/s   wrqm/s     r/s     w/s    rkB/s    wkB/s avgrq-sz avgqu-sz   await r_await w_await  svctm  %util
nvme0n1           0.00     0.00    4.00 1613.00    16.00  6451.50     8.00     0.00    0.02    0.00    0.02   0.55  88.40
sda               0.00     0.00    0.00    3.00     0.00    16.00    10.67     0.00    0.33    0.00    0.33   0.33   0.10
dm-0              0.00     0.00    0.00    3.00     0.00    16.00    10.67     0.00    0.00    0.00    0.00   0.33   0.10
dm-1              0.00     0.00    0.00    0.00     0.00     0.00     0.00     0.00    0.00    0.00    0.00   0.00   0.00
dm-2              0.00     0.00    0.00    0.00     0.00     0.00     0.00     0.00    0.00    0.00    0.00   0.00   0.00
sdb               0.00     0.00  528.00    0.00  2112.00     0.00     8.00    59.76  113.69  113.69    0.00   1.02  53.80
sdc               0.00     0.00  534.00    0.00  2136.00     0.00     8.00    60.71  114.23  114.23    0.00   1.03  54.80
sdd               0.00     0.00  530.00    0.00  2120.00     0.00     8.00    59.44  112.63  112.63    0.00   1.02  54.00
bcache0           0.00     0.00  529.00    0.00  2116.00     0.00     8.00    63.86  120.71  120.71    0.00   1.02  53.70
bcache1           0.00     0.00  529.00    0.00  2116.00     0.00     8.00    65.38  123.59  123.59    0.00   1.03  54.50
bcache2           0.00     0.00  530.00    0.00  2120.00     0.00     8.00    63.58  119.96  119.96    0.00   1.01  53.70

avg-cpu:  %user   %nice %system %iowait  %steal   %idle
           2.95    0.00    0.63    5.52    0.00   90.91

Device:         rrqm/s   wrqm/s     r/s     w/s    rkB/s    wkB/s avgrq-sz avgqu-sz   await r_await w_await  svctm  %util
nvme0n1           0.00     0.00   10.00 1523.00    40.00  6746.00     8.85     0.00    0.02    0.20    0.02   0.57  87.50
sda               0.00     0.00    0.00    0.00     0.00     0.00     0.00     0.00    0.00    0.00    0.00   0.00   0.00
dm-0              0.00     0.00    0.00    0.00     0.00     0.00     0.00     0.00    0.00    0.00    0.00   0.00   0.00
dm-1              0.00     0.00    0.00    0.00     0.00     0.00     0.00     0.00    0.00    0.00    0.00   0.00   0.00
dm-2              0.00     0.00    0.00    0.00     0.00     0.00     0.00     0.00    0.00    0.00    0.00   0.00   0.00
sdb               0.00     0.00  505.00    0.00  2020.00     0.00     8.00    61.38  122.04  122.04    0.00   1.02  51.60
sdc               0.00     0.00  491.00    0.00  1964.00     0.00     8.00    59.38  121.43  121.43    0.00   1.02  50.30
sdd               0.00     0.00  504.00    0.00  2016.00     0.00     8.00    60.10  119.75  119.75    0.00   1.02  51.60
bcache0           0.00     0.00  509.00    0.00  2036.00     0.00     8.00    65.72  129.12  129.12    0.00   1.02  51.70
bcache1           0.00     0.00  499.00    0.00  1996.00     0.00     8.00    63.77  127.79  127.79    0.00   1.00  49.90
bcache2           0.00     0.00  506.00    0.00  2024.00     0.00     8.00    64.50  127.46  127.46    0.00   1.02  51.40

avg-cpu:  %user   %nice %system %iowait  %steal   %idle
           0.47    0.00    0.56    9.93    0.00   89.04

Device:         rrqm/s   wrqm/s     r/s     w/s    rkB/s    wkB/s avgrq-sz avgqu-sz   await r_await w_await  svctm  %util
nvme0n1           0.00     0.00    5.00 1571.00    20.00  6482.00     8.25     0.00    0.02    0.20    0.02   0.56  88.30
sda               0.00    14.00    0.00   55.00     0.00   716.00    26.04     1.58   29.18    0.00   29.18   0.15   0.80
dm-0              0.00     0.00    0.00   69.00     0.00   732.00    21.22     2.15   31.13    0.00   31.13   0.12   0.80
dm-1              0.00     0.00    0.00    0.00     0.00     0.00     0.00     0.00    0.00    0.00    0.00   0.00   0.00
dm-2              0.00     0.00    0.00    0.00     0.00     0.00     0.00     0.00    0.00    0.00    0.00   0.00   0.00
sdb               0.00     0.00  525.00    0.00  2100.00     0.00     8.00    59.43  113.69  113.69    0.00   1.02  53.60
sdc               0.00     0.00  499.00    0.00  1996.00     0.00     8.00    61.10  122.94  122.94    0.00   1.03  51.30
sdd               0.00     0.00  524.00    0.00  2096.00     0.00     8.00    59.91  114.82  114.82    0.00   1.01  53.00
bcache0           0.00     0.00  522.00    0.00  2088.00     0.00     8.00    63.62  121.88  121.88    0.00   1.02  53.40
bcache1           0.00     0.00  496.00    0.00  1984.00     0.00     8.00    65.00  131.04  131.04    0.00   1.03  50.90
bcache2           0.00     0.00  531.00    0.00  2124.00     0.00     8.00    64.18  120.87  120.87    0.00   0.99  52.50

avg-cpu:  %user   %nice %system %iowait  %steal   %idle
           0.06    0.00    0.60    8.99    0.00   90.35

Device:         rrqm/s   wrqm/s     r/s     w/s    rkB/s    wkB/s avgrq-sz avgqu-sz   await r_await w_await  svctm  %util
nvme0n1           0.00     0.00    4.00 1559.00    16.00  6726.50     8.63     0.00    0.02    0.25    0.02   0.56  87.70
sda               0.00     0.00    0.00    0.00     0.00     0.00     0.00     0.00    0.00    0.00    0.00   0.00   0.00
dm-0              0.00     0.00    0.00    0.00     0.00     0.00     0.00     0.00    0.00    0.00    0.00   0.00   0.00
dm-1              0.00     0.00    0.00    0.00     0.00     0.00     0.00     0.00    0.00    0.00    0.00   0.00   0.00
dm-2              0.00     0.00    0.00    0.00     0.00     0.00     0.00     0.00    0.00    0.00    0.00   0.00   0.00
sdb               0.00     0.00  500.00    0.00  2000.00     0.00     8.00    59.42  119.32  119.32    0.00   1.03  51.40
sdc               0.00     0.00  530.00    0.00  2120.00     0.00     8.00    59.22  112.25  112.25    0.00   1.02  54.30
sdd               0.00     0.00  507.00    0.00  2028.00     0.00     8.00    59.84  118.55  118.55    0.00   1.03  52.20
bcache0           0.00     0.00  506.00    0.00  2024.00     0.00     8.00    63.77  126.03  126.03    0.00   1.01  51.30
bcache1           0.00     0.00  529.00    0.00  2116.00     0.00     8.00    63.63  120.47  120.47    0.00   1.02  53.90
bcache2           0.00     0.00  505.00    0.00  2020.00     0.00     8.00    64.00  126.74  126.74    0.00   1.03  51.80

avg-cpu:  %user   %nice %system %iowait  %steal   %idle
           0.06    0.00    0.66    9.12    0.00   90.16

Device:         rrqm/s   wrqm/s     r/s     w/s    rkB/s    wkB/s avgrq-sz avgqu-sz   await r_await w_await  svctm  %util
nvme0n1           0.00     0.00   16.00 1572.00    64.00  6286.50     8.00     0.00    0.02    0.12    0.02   0.56  88.70
sda               0.00     0.00    0.00    0.00     0.00     0.00     0.00     0.00    0.00    0.00    0.00   0.00   0.00
dm-0              0.00     0.00    0.00    0.00     0.00     0.00     0.00     0.00    0.00    0.00    0.00   0.00   0.00
dm-1              0.00     0.00    0.00    0.00     0.00     0.00     0.00     0.00    0.00    0.00    0.00   0.00   0.00
dm-2              0.00     0.00    0.00    0.00     0.00     0.00     0.00     0.00    0.00    0.00    0.00   0.00   0.00
sdb               0.00     0.00  525.00    0.00  2100.00     0.00     8.00    60.72  116.14  116.14    0.00   1.02  53.60
sdc               0.00     0.00  501.00    0.00  2004.00     0.00     8.00    60.02  120.30  120.30    0.00   1.03  51.40
sdd               0.00     0.00  526.00    0.00  2104.00     0.00     8.00    60.11  114.77  114.77    0.00   1.02  53.80
bcache0           0.00     0.00  536.00    0.00  2144.00     0.00     8.00    65.00  121.28  121.28    0.00   1.00  53.60
bcache1           0.00     0.00  510.00    0.00  2040.00     0.00     8.00    64.29  125.87  125.87    0.00   1.00  50.90
bcache2           0.00     0.00  530.00    0.00  2120.00     0.00     8.00    64.58  121.85  121.85    0.00   1.01  53.50

avg-cpu:  %user   %nice %system %iowait  %steal   %idle
           0.09    0.00    0.60    8.74    0.00   90.57

Device:         rrqm/s   wrqm/s     r/s     w/s    rkB/s    wkB/s avgrq-sz avgqu-sz   await r_await w_await  svctm  %util
nvme0n1           0.00     0.00    6.00 1557.00    24.00  6406.00     8.23     0.00    0.02    0.17    0.02   0.56  87.70
sda               0.00     0.00    0.00    4.00     0.00    24.00    12.00     0.00    0.50    0.00    0.50   0.25   0.10
dm-0              0.00     0.00    0.00    4.00     0.00    24.00    12.00     0.00    0.00    0.00    0.00   0.25   0.10
dm-1              0.00     0.00    0.00    0.00     0.00     0.00     0.00     0.00    0.00    0.00    0.00   0.00   0.00
dm-2              0.00     0.00    0.00    0.00     0.00     0.00     0.00     0.00    0.00    0.00    0.00   0.00   0.00
sdb               1.00     0.00  523.00    0.00  2092.00     0.00     8.00    60.65  116.48  116.48    0.00   1.03  53.70
sdc               0.00     0.00  504.00    0.00  2016.00     0.00     8.00    60.60  120.74  120.74    0.00   1.00  50.60
sdd               0.00     0.00  510.00    0.00  2040.00     0.00     8.00    60.39  118.92  118.92    0.00   1.02  52.10
bcache0           0.00     0.00  523.00    0.00  2092.00     0.00     8.00    64.95  124.19  124.19    0.00   1.02  53.60
bcache1           0.00     0.00  505.00    0.00  2020.00     0.00     8.00    64.92  128.56  128.56    0.00   1.00  50.70
bcache2           0.00     0.00  515.00    0.00  2060.00     0.00     8.00    64.52  125.28  125.28    0.00   1.01  52.00

