Linux 5.2.4-1.el7.elrepo.x86_64 (sfx-010) 	08/02/2019 	_x86_64_	(32 CPU)

avg-cpu:  %user   %nice %system %iowait  %steal   %idle
           0.40    0.00    1.28    5.83    0.00   92.49

Device:         rrqm/s   wrqm/s     r/s     w/s    rkB/s    wkB/s avgrq-sz avgqu-sz   await r_await w_await  svctm  %util
nvme0n1           0.00    58.22 43427.89  445.89 173713.12  1866.24     8.00    19.43    0.76    0.76    0.04   0.01  30.81
sda               0.00     0.04    0.13    0.31     3.28     4.60    36.45     0.00    5.27    5.62    5.12   0.53   0.02
dm-0              0.00     0.00    0.11    0.34     2.90     4.78    33.90     0.00    5.17    5.86    4.95   0.48   0.02
dm-1              0.00     0.00    0.00    0.00     0.02     0.00    50.64     0.00   36.88   36.88    0.00   0.56   0.00
dm-2              0.00     0.00    0.02    0.00     0.26     0.04    31.38     0.00    3.65    3.27    6.41   0.59   0.00
sdb               0.01     0.00  135.20    0.10   542.15     0.41     8.02    16.90  125.43  125.39  175.65   1.04  14.08
sdc               0.01     0.01  142.35    3.33   570.75    13.34     8.02    17.78  122.58  125.25    8.12   1.03  14.94
sdd               0.01     0.01  143.68    3.31   576.08    13.27     8.02    17.95  122.65  125.28    8.60   1.02  14.97
bcache0           0.00     0.00    0.00    0.00     0.02     0.00    44.35     0.00    0.30    0.30    0.00   0.24   0.00
bcache1           0.00     0.00    0.00    0.00     0.02     0.00    44.35     0.00    0.24    0.24    0.00   0.22   0.00
bcache2           0.00     0.00    0.00    0.00     0.02     0.00    44.35     0.00    0.54    0.54    0.00   0.25   0.00

avg-cpu:  %user   %nice %system %iowait  %steal   %idle
           0.81    0.00    1.19    5.45    0.00   92.55

Device:         rrqm/s   wrqm/s     r/s     w/s    rkB/s    wkB/s avgrq-sz avgqu-sz   await r_await w_await  svctm  %util
nvme0n1           0.00     0.00    2.00  948.00     8.00  4287.50     9.04     0.00    0.01    0.00    0.01   0.50  47.30
sda               0.00     0.00    0.00    0.00     0.00     0.00     0.00     0.00    0.00    0.00    0.00   0.00   0.00
dm-0              0.00     0.00    0.00    0.00     0.00     0.00     0.00     0.00    0.00    0.00    0.00   0.00   0.00
dm-1              0.00     0.00    0.00    0.00     0.00     0.00     0.00     0.00    0.00    0.00    0.00   0.00   0.00
dm-2              0.00     0.00    0.00    0.00     0.00     0.00     0.00     0.00    0.00    0.00    0.00   0.00   0.00
sdb               0.00     0.00  296.00    0.00  1184.00     0.00     8.00    27.42   93.10   93.10    0.00   1.03  30.50
sdc               0.00     0.00  321.00    0.00  1284.00     0.00     8.00    26.97   84.52   84.52    0.00   1.05  33.70
sdd               0.00     0.00  316.00    0.00  1264.00     0.00     8.00    27.13   86.37   86.37    0.00   1.02  32.30
bcache0           0.00     0.00  364.00    0.00  1456.00     0.00     8.00    29.14   80.05   80.05    0.00   0.83  30.30
bcache1           0.00     0.00  389.00    0.00  1556.00     0.00     8.00    29.02   74.60   74.60    0.00   0.87  33.90
bcache2           0.00     0.00  381.00    0.00  1524.00     0.00     8.00    28.93   75.94   75.94    0.00   0.85  32.30

avg-cpu:  %user   %nice %system %iowait  %steal   %idle
           0.03    0.00    0.34    8.02    0.00   91.60

Device:         rrqm/s   wrqm/s     r/s     w/s    rkB/s    wkB/s avgrq-sz avgqu-sz   await r_await w_await  svctm  %util
nvme0n1           0.00     0.00    2.00 1830.00     8.00  7319.00     8.00     0.00    0.01    0.50    0.01   0.50  92.00
sda               0.00     0.00    0.00    0.00     0.00     0.00     0.00     0.00    0.00    0.00    0.00   0.00   0.00
dm-0              0.00     0.00    0.00    0.00     0.00     0.00     0.00     0.00    0.00    0.00    0.00   0.00   0.00
dm-1              0.00     0.00    0.00    0.00     0.00     0.00     0.00     0.00    0.00    0.00    0.00   0.00   0.00
dm-2              0.00     0.00    0.00    0.00     0.00     0.00     0.00     0.00    0.00    0.00    0.00   0.00   0.00
sdb               0.00     0.00  605.00    0.00  2420.00     0.00     8.00    58.70   97.53   97.53    0.00   1.00  60.70
sdc               0.00     0.00  598.00    0.00  2392.00     0.00     8.00    59.48   99.97   99.97    0.00   1.00  59.80
sdd               0.00     0.00  604.00    0.00  2416.00     0.00     8.00    59.79   99.49   99.49    0.00   1.01  60.90
bcache0           0.00     0.00  601.00    0.00  2404.00     0.00     8.00    63.10  105.00  105.00    0.00   1.01  60.50
bcache1           0.00     0.00  592.00    0.00  2368.00     0.00     8.00    63.62  107.46  107.46    0.00   1.01  59.70
bcache2           0.00     0.00  608.00    0.00  2432.00     0.00     8.00    63.85  105.02  105.02    0.00   1.00  60.80

avg-cpu:  %user   %nice %system %iowait  %steal   %idle
           0.09    0.00    0.31    9.93    0.00   89.66

Device:         rrqm/s   wrqm/s     r/s     w/s    rkB/s    wkB/s avgrq-sz avgqu-sz   await r_await w_await  svctm  %util
nvme0n1           0.00     0.00    9.00 1815.00    36.00  7264.00     8.00     0.00    0.01    0.11    0.01   0.51  93.40
sda               0.00     0.00    0.00    0.00     0.00     0.00     0.00     0.00    0.00    0.00    0.00   0.00   0.00
dm-0              0.00     0.00    0.00    0.00     0.00     0.00     0.00     0.00    0.00    0.00    0.00   0.00   0.00
dm-1              0.00     0.00    0.00    0.00     0.00     0.00     0.00     0.00    0.00    0.00    0.00   0.00   0.00
dm-2              0.00     0.00    0.00    0.00     0.00     0.00     0.00     0.00    0.00    0.00    0.00   0.00   0.00
sdb               1.00     0.00  594.00    0.00  2380.00     0.00     8.01    61.24  103.61  103.61    0.00   1.01  59.70
sdc               0.00     0.00  592.00    0.00  2368.00     0.00     8.00    59.70  101.34  101.34    0.00   1.01  59.70
sdd               0.00     0.00  607.00    0.00  2428.00     0.00     8.00    60.23   99.73   99.73    0.00   1.01  61.10
bcache0           0.00     0.00  595.00    0.00  2380.00     0.00     8.00    65.64  110.31  110.31    0.00   1.00  59.40
bcache1           0.00     0.00  594.00    0.00  2376.00     0.00     8.00    63.93  107.63  107.63    0.00   1.00  59.60
bcache2           0.00     0.00  606.00    0.00  2424.00     0.00     8.00    64.70  106.76  106.76    0.00   1.01  61.30

avg-cpu:  %user   %nice %system %iowait  %steal   %idle
           0.06    0.00    0.38    8.27    0.00   91.29

Device:         rrqm/s   wrqm/s     r/s     w/s    rkB/s    wkB/s avgrq-sz avgqu-sz   await r_await w_await  svctm  %util
nvme0n1           0.00     0.00    7.00 1864.00    28.00  8048.00     8.63     0.00    0.01    0.14    0.01   0.50  93.90
sda               0.00     0.00    0.00    0.00     0.00     0.00     0.00     0.00    0.00    0.00    0.00   0.00   0.00
dm-0              0.00     0.00    0.00    0.00     0.00     0.00     0.00     0.00    0.00    0.00    0.00   0.00   0.00
dm-1              0.00     0.00    0.00    0.00     0.00     0.00     0.00     0.00    0.00    0.00    0.00   0.00   0.00
dm-2              0.00     0.00    0.00    0.00     0.00     0.00     0.00     0.00    0.00    0.00    0.00   0.00   0.00
sdb               0.00     0.00  618.00    0.00  2472.00     0.00     8.00    60.03   97.66   97.66    0.00   1.01  62.30
sdc               0.00     0.00  617.00    0.00  2468.00     0.00     8.00    60.71   98.89   98.89    0.00   1.00  61.70
sdd               0.00     0.00  601.00    0.00  2404.00     0.00     8.00    59.30   99.17   99.17    0.00   1.00  60.30
bcache0           0.00     0.00  625.00    0.00  2500.00     0.00     8.00    64.44  103.10  103.10    0.00   1.00  62.30
bcache1           0.00     0.00  627.00    0.00  2508.00     0.00     8.00    64.97  103.63  103.63    0.00   0.99  61.80
bcache2           0.00     0.00  611.00    0.00  2444.00     0.00     8.00    63.80  104.41  104.41    0.00   0.98  60.10

avg-cpu:  %user   %nice %system %iowait  %steal   %idle
           0.03    0.00    0.38    7.59    0.00   92.01

Device:         rrqm/s   wrqm/s     r/s     w/s    rkB/s    wkB/s avgrq-sz avgqu-sz   await r_await w_await  svctm  %util
nvme0n1           0.00     0.00   17.00 1836.00    68.00  7842.00     8.54     0.00    0.02    0.18    0.02   0.50  92.20
sda               0.00     0.00    0.00    2.00     0.00     8.00     8.00     0.00    0.50    0.00    0.50   0.50   0.10
dm-0              0.00     0.00    0.00    2.00     0.00     8.00     8.00     0.00    0.00    0.00    0.00   0.50   0.10
dm-1              0.00     0.00    0.00    0.00     0.00     0.00     0.00     0.00    0.00    0.00    0.00   0.00   0.00
dm-2              0.00     0.00    0.00    0.00     0.00     0.00     0.00     0.00    0.00    0.00    0.00   0.00   0.00
sdb               1.00     0.00  610.00    0.00  2444.00     0.00     8.01    60.05   98.95   98.95    0.00   1.00  60.90
sdc               0.00     0.00  614.00    0.00  2456.00     0.00     8.00    59.80   97.89   97.89    0.00   1.00  61.20
sdd               0.00     0.00  586.00    0.00  2344.00     0.00     8.00    61.12  104.78  104.78    0.00   1.01  58.90
bcache0           0.00     0.00  615.00    0.00  2460.00     0.00     8.00    64.39  104.70  104.70    0.00   0.99  61.10
bcache1           0.00     0.00  611.00    0.00  2444.00     0.00     8.00    64.11  104.92  104.92    0.00   1.01  61.60
bcache2           0.00     0.00  592.00    0.00  2368.00     0.00     8.00    65.22  110.16  110.16    0.00   0.98  58.20

avg-cpu:  %user   %nice %system %iowait  %steal   %idle
           2.91    0.00    0.56    8.42    0.00   88.10

Device:         rrqm/s   wrqm/s     r/s     w/s    rkB/s    wkB/s avgrq-sz avgqu-sz   await r_await w_await  svctm  %util
nvme0n1           0.00     0.00   17.00 1865.00    68.00  7623.00     8.17     0.00    0.02    0.12    0.02   0.50  93.80
sda               0.00     0.00    0.00    0.00     0.00     0.00     0.00     0.00    0.00    0.00    0.00   0.00   0.00
dm-0              0.00     0.00    0.00    0.00     0.00     0.00     0.00     0.00    0.00    0.00    0.00   0.00   0.00
dm-1              0.00     0.00    0.00    0.00     0.00     0.00     0.00     0.00    0.00    0.00    0.00   0.00   0.00
dm-2              0.00     0.00    0.00    0.00     0.00     0.00     0.00     0.00    0.00    0.00    0.00   0.00   0.00
sdb               0.00     0.00  629.00    0.00  2516.00     0.00     8.00    59.71   95.42   95.42    0.00   0.99  62.10
sdc               0.00     0.00  617.00    0.00  2468.00     0.00     8.00    60.47   98.50   98.50    0.00   1.00  61.40
sdd               1.00     0.00  593.00    0.00  2376.00     0.00     8.01    58.95   99.90   99.90    0.00   0.99  58.80
bcache0           0.00     0.00  637.00    0.00  2548.00     0.00     8.00    64.04  100.54  100.54    0.00   0.98  62.20
bcache1           0.00     0.00  622.00    0.00  2488.00     0.00     8.00    64.79  104.17  104.17    0.00   0.99  61.40
bcache2           0.00     0.00  599.00    0.00  2396.00     0.00     8.00    63.39  105.82  105.82    0.00   0.98  58.80

avg-cpu:  %user   %nice %system %iowait  %steal   %idle
           1.60    0.00    0.63    8.87    0.00   88.91

Device:         rrqm/s   wrqm/s     r/s     w/s    rkB/s    wkB/s avgrq-sz avgqu-sz   await r_await w_await  svctm  %util
nvme0n1           0.00     0.00   12.00 1834.00    48.00  8022.00     8.74     0.00    0.01    0.17    0.01   0.51  93.50
sda               0.00     0.00    0.00    0.00     0.00     0.00     0.00     0.00    0.00    0.00    0.00   0.00   0.00
dm-0              0.00     0.00    0.00    0.00     0.00     0.00     0.00     0.00    0.00    0.00    0.00   0.00   0.00
dm-1              0.00     0.00    0.00    0.00     0.00     0.00     0.00     0.00    0.00    0.00    0.00   0.00   0.00
dm-2              0.00     0.00    0.00    0.00     0.00     0.00     0.00     0.00    0.00    0.00    0.00   0.00   0.00
sdb               0.00     0.00  605.00    0.00  2420.00     0.00     8.00    59.72   99.22   99.22    0.00   1.00  60.50
sdc               0.00     0.00  601.00    0.00  2404.00     0.00     8.00    59.06   98.75   98.75    0.00   1.01  60.80
sdd               1.00     0.00  599.00    0.00  2400.00     0.00     8.01    61.04  102.41  102.41    0.00   0.99  59.60
bcache0           0.00     0.00  600.00    0.00  2400.00     0.00     8.00    64.18  106.97  106.97    0.00   1.01  60.60
bcache1           0.00     0.00  613.00    0.00  2452.00     0.00     8.00    63.50  103.59  103.59    0.00   0.99  60.40
bcache2           0.00     0.00  609.00    0.00  2436.00     0.00     8.00    65.46  107.49  107.49    0.00   0.98  59.40

avg-cpu:  %user   %nice %system %iowait  %steal   %idle
           0.06    0.00    0.63    9.81    0.00   89.51

Device:         rrqm/s   wrqm/s     r/s     w/s    rkB/s    wkB/s avgrq-sz avgqu-sz   await r_await w_await  svctm  %util
nvme0n1           0.00     0.00   18.00 1808.00    72.00  7232.50     8.00     0.00    0.02    0.17    0.01   0.51  93.00
sda               0.00     0.00    0.00    0.00     0.00     0.00     0.00     0.00    0.00    0.00    0.00   0.00   0.00
dm-0              0.00     0.00    0.00    0.00     0.00     0.00     0.00     0.00    0.00    0.00    0.00   0.00   0.00
dm-1              0.00     0.00    0.00    0.00     0.00     0.00     0.00     0.00    0.00    0.00    0.00   0.00   0.00
dm-2              0.00     0.00    0.00    0.00     0.00     0.00     0.00     0.00    0.00    0.00    0.00   0.00   0.00
sdb               1.00     0.00  594.00    0.00  2380.00     0.00     8.01    60.63  102.58  102.58    0.00   1.01  60.00
sdc               0.00     0.00  604.00    0.00  2416.00     0.00     8.00    60.87  101.29  101.29    0.00   1.01  61.30
sdd               0.00     0.00  587.00    0.00  2348.00     0.00     8.00    60.87  104.21  104.21    0.00   1.02  59.60
bcache0           0.00     0.00  597.00    0.00  2388.00     0.00     8.00    64.68  108.35  108.35    0.00   1.00  59.80
bcache1           0.00     0.00  610.00    0.00  2440.00     0.00     8.00    65.21  106.90  106.90    0.00   1.00  60.90
bcache2           0.00     0.00  587.00    0.00  2348.00     0.00     8.00    65.10  110.90  110.90    0.00   1.01  59.30

avg-cpu:  %user   %nice %system %iowait  %steal   %idle
           0.13    0.00    0.60   11.09    0.00   88.19

Device:         rrqm/s   wrqm/s     r/s     w/s    rkB/s    wkB/s avgrq-sz avgqu-sz   await r_await w_await  svctm  %util
nvme0n1           0.00     0.00   18.00 1813.00    72.00  7922.50     8.73     0.00    0.02    0.17    0.02   0.50  92.00
sda               0.00     0.00    0.00    0.00     0.00     0.00     0.00     0.00    0.00    0.00    0.00   0.00   0.00
dm-0              0.00     0.00    0.00    0.00     0.00     0.00     0.00     0.00    0.00    0.00    0.00   0.00   0.00
dm-1              0.00     0.00    0.00    0.00     0.00     0.00     0.00     0.00    0.00    0.00    0.00   0.00   0.00
dm-2              0.00     0.00    0.00    0.00     0.00     0.00     0.00     0.00    0.00    0.00    0.00   0.00   0.00
sdb               0.00     0.00  599.00    0.00  2396.00     0.00     8.00    59.38   99.64   99.64    0.00   1.00  59.90
sdc               1.00     0.00  600.00    0.00  2404.00     0.00     8.01    59.38   99.48   99.48    0.00   1.02  61.10
sdd               0.00     0.00  585.00    0.00  2340.00     0.00     8.00    58.35  100.24  100.24    0.00   1.00  58.60
bcache0           0.00     0.00  607.00    0.00  2428.00     0.00     8.00    63.73  104.99  104.99    0.00   0.99  60.20
bcache1           0.00     0.00  606.00    0.00  2424.00     0.00     8.00    63.50  104.79  104.79    0.00   1.00  60.80
bcache2           0.00     0.00  590.00    0.00  2360.00     0.00     8.00    62.76  106.37  106.37    0.00   0.99  58.70

avg-cpu:  %user   %nice %system %iowait  %steal   %idle
           0.09    0.00    0.63   12.75    0.00   86.53

Device:         rrqm/s   wrqm/s     r/s     w/s    rkB/s    wkB/s avgrq-sz avgqu-sz   await r_await w_await  svctm  %util
nvme0n1           0.00     0.00   35.00 1831.00   140.00  7327.50     8.00     0.00    0.02    0.14    0.01   0.50  92.70
sda               0.00     2.00    0.00   10.00     0.00    48.00     9.60     0.00    0.30    0.00    0.30   0.20   0.20
dm-0              0.00     0.00    0.00   12.00     0.00    48.00     8.00     0.00    0.33    0.00    0.33   0.17   0.20
dm-1              0.00     0.00    0.00    0.00     0.00     0.00     0.00     0.00    0.00    0.00    0.00   0.00   0.00
dm-2              0.00     0.00    0.00    0.00     0.00     0.00     0.00     0.00    0.00    0.00    0.00   0.00   0.00
sdb               0.00     0.00  613.00    0.00  2452.00     0.00     8.00    61.11  100.18  100.18    0.00   1.00  61.50
sdc               0.00     0.00  592.00    0.00  2368.00     0.00     8.00    61.31  104.08  104.08    0.00   1.01  59.70
sdd               0.00     0.00  605.00    0.00  2420.00     0.00     8.00    62.08  103.11  103.11    0.00   1.02  61.50
bcache0           0.00     0.00  630.00    0.00  2520.00     0.00     8.00    65.53  104.01  104.01    0.00   0.97  61.30
bcache1           0.00     0.00  601.00    0.00  2404.00     0.00     8.00    65.75  109.40  109.40    0.00   0.99  59.30
bcache2           0.00     0.00  620.00    0.00  2480.00     0.00     8.00    66.34  107.00  107.00    0.00   0.98  61.00

