Linux 5.2.4-1.el7.elrepo.x86_64 (sfx-010) 	08/02/2019 	_x86_64_	(32 CPU)

avg-cpu:  %user   %nice %system %iowait  %steal   %idle
           0.60    0.00    1.90    5.29    0.00   92.21

Device:         rrqm/s   wrqm/s     r/s     w/s    rkB/s    wkB/s avgrq-sz avgqu-sz   await r_await w_await  svctm  %util
nvme0n1           0.00   128.40 66231.99  418.51 264931.31  1724.61     8.00    13.82    0.05    0.05    0.04   0.00  32.38
sda               0.00     0.07    0.09    0.40     2.41     5.11    30.79     0.00    4.90    5.62    4.73   0.49   0.02
dm-0              0.00     0.00    0.08    0.46     2.13     5.36    27.64     0.00    4.79    5.86    4.60   0.43   0.02
dm-1              0.00     0.00    0.00    0.00     0.02     0.00    50.64     0.00   36.88   36.88    0.00   0.56   0.00
dm-2              0.00     0.00    0.01    0.00     0.19     0.03    31.19     0.00    3.65    3.27    6.23   0.59   0.00
sdb               0.01     0.01  122.63    0.08   493.34     0.31     8.05    15.31  125.28  125.25  171.48   1.04  12.74
sdc               0.01     0.01  127.87    2.45   514.31     9.81     8.04    15.95  122.92  125.12    8.13   1.03  13.38
sdd               0.01     0.01  128.73    2.43   517.76     9.76     8.04    16.07  123.01  125.17    8.61   1.02  13.40
bcache0           0.00     0.00    0.00    0.00     0.02     0.00    44.35     0.00    0.46    0.46    0.00   0.25   0.00
bcache1           0.00     0.00    0.00    0.00     0.02     0.00    44.35     0.00    0.25    0.25    0.00   0.22   0.00
bcache2           0.00     0.00    0.00    0.00     0.02     0.00    44.35     0.00    0.28    0.28    0.00   0.19   0.00

avg-cpu:  %user   %nice %system %iowait  %steal   %idle
           0.78    0.00    1.19   14.66    0.00   83.36

Device:         rrqm/s   wrqm/s     r/s     w/s    rkB/s    wkB/s avgrq-sz avgqu-sz   await r_await w_await  svctm  %util
nvme0n1           0.00     0.00    2.00  774.00     8.00  3591.00     9.28     0.00    0.04    0.50    0.04   0.57  44.10
sda               0.00     0.00    0.00    1.00     0.00     4.00     8.00     0.00    0.00    0.00    0.00   1.00   0.10
dm-0              0.00     0.00    0.00    1.00     0.00     4.00     8.00     0.00    0.00    0.00    0.00   1.00   0.10
dm-1              0.00     0.00    0.00    0.00     0.00     0.00     0.00     0.00    0.00    0.00    0.00   0.00   0.00
dm-2              0.00     0.00    0.00    0.00     0.00     0.00     0.00     0.00    0.00    0.00    0.00   0.00   0.00
sdb               0.00     0.00  262.00    0.00  1048.00     0.00     8.00    25.48   97.78   97.78    0.00   1.07  28.00
sdc               0.00     0.00  245.00    0.00   980.00     0.00     8.00    25.96  106.47  106.47    0.00   1.05  25.80
sdd               0.00     0.00  253.00    0.00  1012.00     0.00     8.00    25.97  103.12  103.12    0.00   1.06  26.70
bcache0           0.00     0.00  324.00    0.00  1296.00     0.00     8.00    27.28   84.20   84.20    0.00   0.85  27.60
bcache1           0.00     0.00  309.00    0.00  1236.00     0.00     8.00    27.66   89.52   89.52    0.00   0.84  25.90
bcache2           0.00     0.00  317.00    0.00  1268.00     0.00     8.00    27.59   87.03   87.03    0.00   0.84  26.50

avg-cpu:  %user   %nice %system %iowait  %steal   %idle
           0.06    0.00    0.41   26.57    0.00   72.96

Device:         rrqm/s   wrqm/s     r/s     w/s    rkB/s    wkB/s avgrq-sz avgqu-sz   await r_await w_await  svctm  %util
nvme0n1           0.00     0.00    0.00 1509.00     0.00  6043.50     8.01     0.00    0.04    0.00    0.04   0.58  88.00
sda               0.00     0.00    0.00    0.00     0.00     0.00     0.00     0.00    0.00    0.00    0.00   0.00   0.00
dm-0              0.00     0.00    0.00    0.00     0.00     0.00     0.00     0.00    0.00    0.00    0.00   0.00   0.00
dm-1              0.00     0.00    0.00    0.00     0.00     0.00     0.00     0.00    0.00    0.00    0.00   0.00   0.00
dm-2              0.00     0.00    0.00    0.00     0.00     0.00     0.00     0.00    0.00    0.00    0.00   0.00   0.00
sdb               0.00     0.00  510.00    0.00  2040.00     0.00     8.00    60.06  118.26  118.26    0.00   1.03  52.70
sdc               0.00     0.00  485.00    0.00  1940.00     0.00     8.00    59.38  122.93  122.93    0.00   1.03  50.10
sdd               0.00     0.00  497.00    0.00  1988.00     0.00     8.00    59.83  120.90  120.90    0.00   1.02  50.60
bcache0           0.00     0.00  512.00    0.00  2048.00     0.00     8.00    64.09  125.18  125.18    0.00   1.02  52.30
bcache1           0.00     0.00  488.00    0.00  1952.00     0.00     8.00    63.69  130.52  130.52    0.00   1.02  49.80
bcache2           0.00     0.00  496.00    0.00  1984.00     0.00     8.00    64.07  129.18  129.18    0.00   1.01  50.10

avg-cpu:  %user   %nice %system %iowait  %steal   %idle
           0.06    0.00    0.44   25.65    0.00   73.85

Device:         rrqm/s   wrqm/s     r/s     w/s    rkB/s    wkB/s avgrq-sz avgqu-sz   await r_await w_await  svctm  %util
nvme0n1           0.00     0.00    2.00 1545.00     8.00  6176.00     7.99     0.00    0.04    0.50    0.04   0.57  88.40
sda               0.00     0.00    0.00    0.00     0.00     0.00     0.00     0.00    0.00    0.00    0.00   0.00   0.00
dm-0              0.00     0.00    0.00    0.00     0.00     0.00     0.00     0.00    0.00    0.00    0.00   0.00   0.00
dm-1              0.00     0.00    0.00    0.00     0.00     0.00     0.00     0.00    0.00    0.00    0.00   0.00   0.00
dm-2              0.00     0.00    0.00    0.00     0.00     0.00     0.00     0.00    0.00    0.00    0.00   0.00   0.00
sdb               0.00     0.00  501.00    0.00  2004.00     0.00     8.00    60.93  122.12  122.12    0.00   1.02  51.10
sdc               0.00     0.00  521.00    0.00  2084.00     0.00     8.00    60.89  117.37  117.37    0.00   1.03  53.80
sdd               0.00     0.00  504.00    0.00  2016.00     0.00     8.00    59.87  119.28  119.28    0.00   1.04  52.50
bcache0           0.00     0.00  505.00    0.00  2020.00     0.00     8.00    65.15  129.01  129.01    0.00   1.01  50.90
bcache1           0.00     0.00  521.00    0.00  2084.00     0.00     8.00    64.95  124.67  124.67    0.00   1.03  53.60
bcache2           0.00     0.00  504.00    0.00  2016.00     0.00     8.00    64.01  127.01  127.01    0.00   1.03  51.80

avg-cpu:  %user   %nice %system %iowait  %steal   %idle
           0.06    0.00    0.47   25.53    0.00   73.94

Device:         rrqm/s   wrqm/s     r/s     w/s    rkB/s    wkB/s avgrq-sz avgqu-sz   await r_await w_await  svctm  %util
nvme0n1           0.00     0.00    4.00 1540.00    16.00  6752.00     8.77     0.00    0.04    0.00    0.04   0.56  86.20
sda               0.00     0.00    0.00    0.00     0.00     0.00     0.00     0.00    0.00    0.00    0.00   0.00   0.00
dm-0              0.00     0.00    0.00    0.00     0.00     0.00     0.00     0.00    0.00    0.00    0.00   0.00   0.00
dm-1              0.00     0.00    0.00    0.00     0.00     0.00     0.00     0.00    0.00    0.00    0.00   0.00   0.00
dm-2              0.00     0.00    0.00    0.00     0.00     0.00     0.00     0.00    0.00    0.00    0.00   0.00   0.00
sdb               0.00     0.00  520.00    0.00  2080.00     0.00     8.00    60.16  116.18  116.18    0.00   1.03  53.50
sdc               0.00     0.00  487.00    0.00  1948.00     0.00     8.00    59.43  122.54  122.54    0.00   1.03  50.40
sdd               0.00     0.00  509.00    0.00  2036.00     0.00     8.00    59.65  117.69  117.69    0.00   1.04  52.80
bcache0           0.00     0.00  520.00    0.00  2080.00     0.00     8.00    64.55  124.14  124.14    0.00   1.02  53.20
bcache1           0.00     0.00  489.00    0.00  1956.00     0.00     8.00    63.75  130.38  130.38    0.00   1.02  49.70
bcache2           0.00     0.00  515.00    0.00  2060.00     0.00     8.00    64.12  124.50  124.50    0.00   1.01  52.10

avg-cpu:  %user   %nice %system %iowait  %steal   %idle
           0.06    0.00    0.50   23.78    0.00   75.65

Device:         rrqm/s   wrqm/s     r/s     w/s    rkB/s    wkB/s avgrq-sz avgqu-sz   await r_await w_await  svctm  %util
nvme0n1           0.00     0.00    3.00 1529.00    12.00  6115.00     8.00     0.00    0.04    0.33    0.04   0.56  86.40
sda               0.00     0.00    0.00    0.00     0.00     0.00     0.00     0.00    0.00    0.00    0.00   0.00   0.00
dm-0              0.00     0.00    0.00    0.00     0.00     0.00     0.00     0.00    0.00    0.00    0.00   0.00   0.00
dm-1              0.00     0.00    0.00    0.00     0.00     0.00     0.00     0.00    0.00    0.00    0.00   0.00   0.00
dm-2              0.00     0.00    0.00    0.00     0.00     0.00     0.00     0.00    0.00    0.00    0.00   0.00   0.00
sdb               0.00     0.00  515.00    0.00  2060.00     0.00     8.00    59.52  116.08  116.08    0.00   1.02  52.70
sdc               0.00     0.00  492.00    0.00  1968.00     0.00     8.00    61.01  124.50  124.50    0.00   1.03  50.70
sdd               0.00     0.00  505.00    0.00  2020.00     0.00     8.00    59.66  118.65  118.65    0.00   1.03  51.90
bcache0           0.00     0.00  513.00    0.00  2052.00     0.00     8.00    63.73  124.22  124.22    0.00   1.02  52.50
bcache1           0.00     0.00  490.00    0.00  1960.00     0.00     8.00    65.01  132.67  132.67    0.00   1.03  50.50
bcache2           0.00     0.00  504.00    0.00  2016.00     0.00     8.00    63.73  126.46  126.46    0.00   1.03  51.70

avg-cpu:  %user   %nice %system %iowait  %steal   %idle
           2.88    0.00    0.63   26.14    0.00   70.34

Device:         rrqm/s   wrqm/s     r/s     w/s    rkB/s    wkB/s avgrq-sz avgqu-sz   await r_await w_await  svctm  %util
nvme0n1           0.00     0.00    3.00 1539.00    12.00  6809.00     8.85     0.00    0.02    0.00    0.02   0.56  87.10
sda               0.00     0.00    0.00    3.00     0.00    32.00    21.33     0.00    0.33    0.00    0.33   0.33   0.10
dm-0              0.00     0.00    0.00    3.00     0.00    32.00    21.33     0.00    0.00    0.00    0.00   0.33   0.10
dm-1              0.00     0.00    0.00    0.00     0.00     0.00     0.00     0.00    0.00    0.00    0.00   0.00   0.00
dm-2              0.00     0.00    0.00    0.00     0.00     0.00     0.00     0.00    0.00    0.00    0.00   0.00   0.00
sdb               0.00     0.00  510.00    0.00  2040.00     0.00     8.00    60.24  118.61  118.61    0.00   1.01  51.50
sdc               0.00     0.00  512.00    0.00  2048.00     0.00     8.00    59.70  117.12  117.12    0.00   1.02  52.10
sdd               0.00     0.00  491.00    0.00  1964.00     0.00     8.00    60.90  124.55  124.55    0.00   1.01  49.50
bcache0           0.00     0.00  513.00    0.00  2052.00     0.00     8.00    64.50  125.73  125.73    0.00   1.00  51.50
bcache1           0.00     0.00  513.00    0.00  2052.00     0.00     8.00    64.30  125.35  125.35    0.00   1.01  51.90
bcache2           0.00     0.00  489.00    0.00  1956.00     0.00     8.00    65.32  133.57  133.57    0.00   1.01  49.50

avg-cpu:  %user   %nice %system %iowait  %steal   %idle
           1.51    0.00    0.69   25.71    0.00   72.09

Device:         rrqm/s   wrqm/s     r/s     w/s    rkB/s    wkB/s avgrq-sz avgqu-sz   await r_await w_await  svctm  %util
nvme0n1           0.00     0.00    9.00 1564.00    36.00  6259.50     8.00     0.00    0.03    0.11    0.03   0.57  89.50
sda               0.00     0.00    0.00    0.00     0.00     0.00     0.00     0.00    0.00    0.00    0.00   0.00   0.00
dm-0              0.00     0.00    0.00    0.00     0.00     0.00     0.00     0.00    0.00    0.00    0.00   0.00   0.00
dm-1              0.00     0.00    0.00    0.00     0.00     0.00     0.00     0.00    0.00    0.00    0.00   0.00   0.00
dm-2              0.00     0.00    0.00    0.00     0.00     0.00     0.00     0.00    0.00    0.00    0.00   0.00   0.00
sdb               0.00     0.00  522.00    0.00  2088.00     0.00     8.00    60.28  115.97  115.97    0.00   1.03  53.70
sdc               0.00     0.00  504.00    0.00  2016.00     0.00     8.00    59.53  118.62  118.62    0.00   1.03  51.70
sdd               0.00     0.00  521.00    0.00  2084.00     0.00     8.00    60.97  117.50  117.50    0.00   1.02  53.40
bcache0           0.00     0.00  524.00    0.00  2096.00     0.00     8.00    64.68  123.43  123.43    0.00   1.03  54.00
bcache1           0.00     0.00  506.00    0.00  2024.00     0.00     8.00    63.53  125.56  125.56    0.00   1.02  51.40
bcache2           0.00     0.00  531.00    0.00  2124.00     0.00     8.00    65.38  123.13  123.13    0.00   1.00  53.20

avg-cpu:  %user   %nice %system %iowait  %steal   %idle
           0.06    0.00    0.75   23.85    0.00   75.33

Device:         rrqm/s   wrqm/s     r/s     w/s    rkB/s    wkB/s avgrq-sz avgqu-sz   await r_await w_await  svctm  %util
nvme0n1           0.00     0.00   10.00 1507.00    40.00  6711.50     8.90     0.00    0.04    0.20    0.04   0.57  87.00
sda               0.00     0.00    0.00    0.00     0.00     0.00     0.00     0.00    0.00    0.00    0.00   0.00   0.00
dm-0              0.00     0.00    0.00    0.00     0.00     0.00     0.00     0.00    0.00    0.00    0.00   0.00   0.00
dm-1              0.00     0.00    0.00    0.00     0.00     0.00     0.00     0.00    0.00    0.00    0.00   0.00   0.00
dm-2              0.00     0.00    0.00    0.00     0.00     0.00     0.00     0.00    0.00    0.00    0.00   0.00   0.00
sdb               0.00     0.00  491.00    0.00  1964.00     0.00     8.00    58.75  120.14  120.14    0.00   1.03  50.50
sdc               0.00     0.00  507.00    0.00  2028.00     0.00     8.00    60.66  120.13  120.13    0.00   1.03  52.10
sdd               0.00     0.00  483.00    0.00  1932.00     0.00     8.00    57.29  119.13  119.13    0.00   1.04  50.30
bcache0           0.00     0.00  491.00    0.00  1964.00     0.00     8.00    63.04  128.40  128.40    0.00   1.03  50.80
bcache1           0.00     0.00  515.00    0.00  2060.00     0.00     8.00    67.87  131.78  131.78    0.00   1.02  52.40
bcache2           0.00     0.00  484.00    0.00  1936.00     0.00     8.00    61.16  126.36  126.36    0.00   1.03  49.70

avg-cpu:  %user   %nice %system %iowait  %steal   %idle
           0.06    0.00    0.78   23.82    0.00   75.34

Device:         rrqm/s   wrqm/s     r/s     w/s    rkB/s    wkB/s avgrq-sz avgqu-sz   await r_await w_await  svctm  %util
nvme0n1           0.00     0.00    7.00 1535.00    28.00  6139.50     8.00     0.00    0.04    0.14    0.04   0.57  87.40
sda               0.00     0.00    0.00    0.00     0.00     0.00     0.00     0.00    0.00    0.00    0.00   0.00   0.00
dm-0              0.00     0.00    0.00    0.00     0.00     0.00     0.00     0.00    0.00    0.00    0.00   0.00   0.00
dm-1              0.00     0.00    0.00    0.00     0.00     0.00     0.00     0.00    0.00    0.00    0.00   0.00   0.00
dm-2              0.00     0.00    0.00    0.00     0.00     0.00     0.00     0.00    0.00    0.00    0.00   0.00   0.00
sdb               0.00     0.00  490.00    0.00  1960.00     0.00     8.00    59.19  121.32  121.32    0.00   1.03  50.50
sdc               0.00     0.00  525.00    0.00  2100.00     0.00     8.00    60.75  116.22  116.22    0.00   1.03  53.90
sdd               0.00     0.00  501.00    0.00  2004.00     0.00     8.00    59.96  120.21  120.21    0.00   1.02  51.30
bcache0           0.00     0.00  501.00    0.00  2004.00     0.00     8.00    63.30  126.35  126.35    0.00   1.00  50.20
bcache1           0.00     0.00  521.00    0.00  2084.00     0.00     8.00    65.09  124.93  124.93    0.00   1.03  53.90
bcache2           0.00     0.00  505.00    0.00  2020.00     0.00     8.00    64.47  127.66  127.66    0.00   1.01  51.20

avg-cpu:  %user   %nice %system %iowait  %steal   %idle
           0.06    0.00    0.72   24.64    0.00   74.58

Device:         rrqm/s   wrqm/s     r/s     w/s    rkB/s    wkB/s avgrq-sz avgqu-sz   await r_await w_await  svctm  %util
nvme0n1           0.00     0.00   10.00 1532.00    40.00  6130.50     8.00     0.00    0.04    0.20    0.04   0.57  87.70
sda               0.00     0.00    0.00    0.00     0.00     0.00     0.00     0.00    0.00    0.00    0.00   0.00   0.00
dm-0              0.00     0.00    0.00    0.00     0.00     0.00     0.00     0.00    0.00    0.00    0.00   0.00   0.00
dm-1              0.00     0.00    0.00    0.00     0.00     0.00     0.00     0.00    0.00    0.00    0.00   0.00   0.00
dm-2              0.00     0.00    0.00    0.00     0.00     0.00     0.00     0.00    0.00    0.00    0.00   0.00   0.00
sdb               0.00     0.00  493.00    0.00  1972.00     0.00     8.00    60.54  123.30  123.30    0.00   1.04  51.20
sdc               0.00     0.00  516.00    0.00  2064.00     0.00     8.00    59.80  116.39  116.39    0.00   1.04  53.50
sdd               0.00     0.00  506.00    0.00  2024.00     0.00     8.00    61.05  121.15  121.15    0.00   1.03  52.10
bcache0           0.00     0.00  490.00    0.00  1960.00     0.00     8.00    64.78  132.21  132.21    0.00   1.04  50.80
bcache1           0.00     0.00  525.00    0.00  2100.00     0.00     8.00    64.05  122.00  122.00    0.00   1.01  53.00
bcache2           0.00     0.00  507.00    0.00  2028.00     0.00     8.00    65.19  128.58  128.58    0.00   1.02  51.90

