Linux 5.2.4-1.el7.elrepo.x86_64 (sfx-010) 	08/02/2019 	_x86_64_	(32 CPU)

avg-cpu:  %user   %nice %system %iowait  %steal   %idle
           0.60    0.00    1.90    5.28    0.00   92.22

Device:         rrqm/s   wrqm/s     r/s     w/s    rkB/s    wkB/s avgrq-sz avgqu-sz   await r_await w_await  svctm  %util
nvme0n1           0.00   146.76 65934.60  422.09 263742.25  1732.98     8.00    13.76    0.05    0.05    0.04   0.00  32.29
sda               0.00     0.08    0.09    0.41     2.40     5.31    30.37     0.00    4.89    5.62    4.72   0.48   0.02
dm-0              0.00     0.00    0.08    0.49     2.13     5.58    26.94     0.00    4.74    5.86    4.56   0.41   0.02
dm-1              0.00     0.00    0.00    0.00     0.02     0.00    50.64     0.00   36.88   36.88    0.00   0.56   0.00
dm-2              0.00     0.00    0.01    0.00     0.19     0.03    31.19     0.00    3.65    3.27    6.23   0.59   0.00
sdb               0.01     0.01  122.42    0.08   492.87     0.31     8.05    15.28  125.26  125.24  170.52   1.04  12.72
sdc               0.01     0.01  127.63    2.44   513.74     9.77     8.05    15.92  122.91  125.10    8.13   1.03  13.35
sdd               0.01     0.02  128.49    2.42   517.17     9.72     8.05    16.04  123.00  125.16    8.61   1.02  13.38
bcache0           0.00     0.00    0.00    0.00     0.02     0.00    44.35     0.00    0.28    0.28    0.00   0.25   0.00
bcache1           0.00     0.00    0.00    0.00     0.02     0.00    44.35     0.00    0.19    0.19    0.00   0.23   0.00
bcache2           0.00     0.00    0.00    0.00     0.02     0.00    44.35     0.00    0.51    0.51    0.00   0.24   0.00

avg-cpu:  %user   %nice %system %iowait  %steal   %idle
           0.78    0.00    1.22   14.91    0.00   83.08

Device:         rrqm/s   wrqm/s     r/s     w/s    rkB/s    wkB/s avgrq-sz avgqu-sz   await r_await w_await  svctm  %util
nvme0n1           0.00     0.00    2.00  687.00     8.00  3242.50     9.44     0.00    0.04    0.50    0.04   0.60  41.10
sda               0.00     0.00    0.00    0.00     0.00     0.00     0.00     0.00    0.00    0.00    0.00   0.00   0.00
dm-0              0.00     0.00    0.00    0.00     0.00     0.00     0.00     0.00    0.00    0.00    0.00   0.00   0.00
dm-1              0.00     0.00    0.00    0.00     0.00     0.00     0.00     0.00    0.00    0.00    0.00   0.00   0.00
dm-2              0.00     0.00    0.00    0.00     0.00     0.00     0.00     0.00    0.00    0.00    0.00   0.00   0.00
sdb               0.00     0.00  220.00    0.00   880.00     0.00     8.00    25.35  115.73  115.73    0.00   1.08  23.70
sdc               0.00     0.00  234.00    0.00   936.00     0.00     8.00    24.36  104.62  104.62    0.00   1.04  24.40
sdd               0.00     0.00  220.00    0.00   880.00     0.00     8.00    24.45  111.65  111.65    0.00   1.06  23.30
bcache0           0.00     0.00  284.00    0.00  1136.00     0.00     8.00    26.98   94.99   94.99    0.00   0.82  23.30
bcache1           0.00     0.00  301.00    0.00  1204.00     0.00     8.00    26.31   87.42   87.42    0.00   0.81  24.50
bcache2           0.00     0.00  285.00    0.00  1140.00     0.00     8.00    25.74   90.31   90.31    0.00   0.82  23.30

avg-cpu:  %user   %nice %system %iowait  %steal   %idle
           0.06    0.00    0.44   26.13    0.00   73.37

Device:         rrqm/s   wrqm/s     r/s     w/s    rkB/s    wkB/s avgrq-sz avgqu-sz   await r_await w_await  svctm  %util
nvme0n1           0.00     0.00    0.00 1396.00     0.00  5587.50     8.01     0.00    0.04    0.00    0.04   0.61  84.70
sda               0.00     0.00    0.00    4.00     0.00    16.00     8.00     0.00    0.25    0.00    0.25   0.25   0.10
dm-0              0.00     0.00    0.00    4.00     0.00    16.00     8.00     0.00    0.00    0.00    0.00   0.25   0.10
dm-1              0.00     0.00    0.00    0.00     0.00     0.00     0.00     0.00    0.00    0.00    0.00   0.00   0.00
dm-2              0.00     0.00    0.00    0.00     0.00     0.00     0.00     0.00    0.00    0.00    0.00   0.00   0.00
sdb               0.00     0.00  446.00    0.00  1784.00     0.00     8.00    59.08  132.96  132.96    0.00   1.04  46.30
sdc               0.00     0.00  472.00    0.00  1888.00     0.00     8.00    61.91  131.68  131.68    0.00   1.03  48.50
sdd               0.00     0.00  461.00    0.00  1844.00     0.00     8.00    59.57  129.72  129.72    0.00   1.02  47.10
bcache0           0.00     0.00  448.00    0.00  1792.00     0.00     8.00    63.13  140.93  140.93    0.00   1.03  46.10
bcache1           0.00     0.00  472.00    0.00  1888.00     0.00     8.00    65.68  139.15  139.15    0.00   1.02  48.00
bcache2           0.00     0.00  464.00    0.00  1856.00     0.00     8.00    64.02  137.97  137.97    0.00   1.01  47.00

avg-cpu:  %user   %nice %system %iowait  %steal   %idle
           0.03    0.00    0.44   24.73    0.00   74.80

Device:         rrqm/s   wrqm/s     r/s     w/s    rkB/s    wkB/s avgrq-sz avgqu-sz   await r_await w_await  svctm  %util
nvme0n1           0.00     0.00    0.00 1367.00     0.00  5465.50     8.00     0.00    0.04    0.00    0.04   0.62  84.50
sda               0.00     0.00    0.00    0.00     0.00     0.00     0.00     0.00    0.00    0.00    0.00   0.00   0.00
dm-0              0.00     0.00    0.00    0.00     0.00     0.00     0.00     0.00    0.00    0.00    0.00   0.00   0.00
dm-1              0.00     0.00    0.00    0.00     0.00     0.00     0.00     0.00    0.00    0.00    0.00   0.00   0.00
dm-2              0.00     0.00    0.00    0.00     0.00     0.00     0.00     0.00    0.00    0.00    0.00   0.00   0.00
sdb               0.00     0.00  461.00    0.00  1844.00     0.00     8.00    59.70  130.01  130.01    0.00   1.02  46.90
sdc               0.00     0.00  443.00    0.00  1772.00     0.00     8.00    58.84  133.34  133.34    0.00   1.04  46.00
sdd               0.00     0.00  446.00    0.00  1784.00     0.00     8.00    60.91  137.07  137.07    0.00   1.04  46.60
bcache0           0.00     0.00  456.00    0.00  1824.00     0.00     8.00    64.00  140.35  140.35    0.00   1.02  46.70
bcache1           0.00     0.00  440.00    0.00  1760.00     0.00     8.00    63.02  143.22  143.22    0.00   1.03  45.40
bcache2           0.00     0.00  440.00    0.00  1760.00     0.00     8.00    64.91  147.53  147.53    0.00   1.06  46.60

avg-cpu:  %user   %nice %system %iowait  %steal   %idle
           0.06    0.00    0.44   27.02    0.00   72.48

Device:         rrqm/s   wrqm/s     r/s     w/s    rkB/s    wkB/s avgrq-sz avgqu-sz   await r_await w_await  svctm  %util
nvme0n1           0.00     0.00    3.00 1388.00    12.00  6048.00     8.71     0.00    0.04    0.00    0.04   0.60  84.10
sda               0.00     0.00    0.00    0.00     0.00     0.00     0.00     0.00    0.00    0.00    0.00   0.00   0.00
dm-0              0.00     0.00    0.00    0.00     0.00     0.00     0.00     0.00    0.00    0.00    0.00   0.00   0.00
dm-1              0.00     0.00    0.00    0.00     0.00     0.00     0.00     0.00    0.00    0.00    0.00   0.00   0.00
dm-2              0.00     0.00    0.00    0.00     0.00     0.00     0.00     0.00    0.00    0.00    0.00   0.00   0.00
sdb               0.00     0.00  473.00    0.00  1892.00     0.00     8.00    61.61  130.75  130.75    0.00   1.03  48.60
sdc               0.00     0.00  460.00    0.00  1840.00     0.00     8.00    60.54  132.06  132.06    0.00   1.03  47.30
sdd               0.00     0.00  434.00    0.00  1736.00     0.00     8.00    60.63  140.21  140.21    0.00   1.04  45.00
bcache0           0.00     0.00  481.00    0.00  1924.00     0.00     8.00    65.93  137.07  137.07    0.00   1.00  48.30
bcache1           0.00     0.00  465.00    0.00  1860.00     0.00     8.00    64.82  139.40  139.40    0.00   1.02  47.20
bcache2           0.00     0.00  441.00    0.00  1764.00     0.00     8.00    65.12  147.66  147.66    0.00   1.00  44.30

avg-cpu:  %user   %nice %system %iowait  %steal   %idle
           0.06    0.00    0.44   25.92    0.00   73.58

Device:         rrqm/s   wrqm/s     r/s     w/s    rkB/s    wkB/s avgrq-sz avgqu-sz   await r_await w_await  svctm  %util
nvme0n1           0.00     0.00    1.00 1378.00     4.00  5610.50     8.14     0.00    0.04    0.00    0.04   0.61  84.20
sda               0.00     0.00    0.00    0.00     0.00     0.00     0.00     0.00    0.00    0.00    0.00   0.00   0.00
dm-0              0.00     0.00    0.00    0.00     0.00     0.00     0.00     0.00    0.00    0.00    0.00   0.00   0.00
dm-1              0.00     0.00    0.00    0.00     0.00     0.00     0.00     0.00    0.00    0.00    0.00   0.00   0.00
dm-2              0.00     0.00    0.00    0.00     0.00     0.00     0.00     0.00    0.00    0.00    0.00   0.00   0.00
sdb               0.00     0.00  466.00    0.00  1864.00     0.00     8.00    59.96  129.16  129.16    0.00   1.02  47.30
sdc               0.00     0.00  441.00    0.00  1764.00     0.00     8.00    60.15  136.90  136.90    0.00   1.03  45.50
sdd               0.00     0.00  456.00    0.00  1824.00     0.00     8.00    60.83  133.88  133.88    0.00   1.02  46.70
bcache0           0.00     0.00  464.00    0.00  1856.00     0.00     8.00    64.09  138.13  138.13    0.00   1.02  47.20
bcache1           0.00     0.00  441.00    0.00  1764.00     0.00     8.00    64.47  146.19  146.19    0.00   1.03  45.30
bcache2           0.00     0.00  456.00    0.00  1824.00     0.00     8.00    65.14  142.85  142.85    0.00   1.02  46.50

avg-cpu:  %user   %nice %system %iowait  %steal   %idle
           2.82    0.00    0.63   23.48    0.00   73.07

Device:         rrqm/s   wrqm/s     r/s     w/s    rkB/s    wkB/s avgrq-sz avgqu-sz   await r_await w_await  svctm  %util
nvme0n1           0.00     0.00    2.00 1377.00     8.00  5511.00     8.00     0.00    0.02    0.00    0.02   0.61  83.70
sda               0.00     0.00    0.00    0.00     0.00     0.00     0.00     0.00    0.00    0.00    0.00   0.00   0.00
dm-0              0.00     0.00    0.00    0.00     0.00     0.00     0.00     0.00    0.00    0.00    0.00   0.00   0.00
dm-1              0.00     0.00    0.00    0.00     0.00     0.00     0.00     0.00    0.00    0.00    0.00   0.00   0.00
dm-2              0.00     0.00    0.00    0.00     0.00     0.00     0.00     0.00    0.00    0.00    0.00   0.00   0.00
sdb               0.00     0.00  460.00    0.00  1840.00     0.00     8.00    60.28  131.55  131.55    0.00   1.02  47.00
sdc               0.00     0.00  455.00    0.00  1820.00     0.00     8.00    59.45  131.16  131.16    0.00   1.00  45.60
sdd               0.00     0.00  444.00    0.00  1776.00     0.00     8.00    59.25  133.94  133.94    0.00   1.01  45.00
bcache0           0.00     0.00  456.00    0.00  1824.00     0.00     8.00    64.49  141.42  141.42    0.00   1.03  46.90
bcache1           0.00     0.00  458.00    0.00  1832.00     0.00     8.00    63.66  139.00  139.00    0.00   1.00  45.60
bcache2           0.00     0.00  440.00    0.00  1760.00     0.00     8.00    63.49  144.29  144.29    0.00   1.02  44.80

avg-cpu:  %user   %nice %system %iowait  %steal   %idle
           1.47    0.00    0.69   24.40    0.00   73.44

Device:         rrqm/s   wrqm/s     r/s     w/s    rkB/s    wkB/s avgrq-sz avgqu-sz   await r_await w_await  svctm  %util
nvme0n1           0.00     0.00    3.00 1384.00    12.00  6184.50     8.94     0.00    0.03    0.33    0.03   0.60  83.70
sda               0.00     0.00    0.00    3.00     0.00    20.00    13.33     0.00    0.33    0.00    0.33   0.33   0.10
dm-0              0.00     0.00    0.00    3.00     0.00    20.00    13.33     0.00    0.00    0.00    0.00   0.33   0.10
dm-1              0.00     0.00    0.00    0.00     0.00     0.00     0.00     0.00    0.00    0.00    0.00   0.00   0.00
dm-2              0.00     0.00    0.00    0.00     0.00     0.00     0.00     0.00    0.00    0.00    0.00   0.00   0.00
sdb               0.00     0.00  463.00    0.00  1852.00     0.00     8.00    58.24  126.28  126.28    0.00   1.03  47.90
sdc               0.00     0.00  443.00    0.00  1772.00     0.00     8.00    59.25  134.23  134.23    0.00   1.02  45.30
sdd               0.00     0.00  455.00    0.00  1820.00     0.00     8.00    58.36  128.78  128.78    0.00   1.03  46.90
bcache0           0.00     0.00  469.00    0.00  1876.00     0.00     8.00    62.70  133.70  133.70    0.00   1.01  47.50
bcache1           0.00     0.00  444.00    0.00  1776.00     0.00     8.00    63.77  143.63  143.63    0.00   1.02  45.40
bcache2           0.00     0.00  459.00    0.00  1836.00     0.00     8.00    62.76  136.73  136.73    0.00   1.01  46.40

avg-cpu:  %user   %nice %system %iowait  %steal   %idle
           0.06    0.00    0.72   27.68    0.00   71.53

Device:         rrqm/s   wrqm/s     r/s     w/s    rkB/s    wkB/s avgrq-sz avgqu-sz   await r_await w_await  svctm  %util
nvme0n1           0.00     0.00    3.00 1414.00    12.00  5850.50     8.27     0.00    0.04    0.00    0.04   0.59  83.90
sda               0.00     0.00    0.00    0.00     0.00     0.00     0.00     0.00    0.00    0.00    0.00   0.00   0.00
dm-0              0.00     0.00    0.00    0.00     0.00     0.00     0.00     0.00    0.00    0.00    0.00   0.00   0.00
dm-1              0.00     0.00    0.00    0.00     0.00     0.00     0.00     0.00    0.00    0.00    0.00   0.00   0.00
dm-2              0.00     0.00    0.00    0.00     0.00     0.00     0.00     0.00    0.00    0.00    0.00   0.00   0.00
sdb               0.00     0.00  474.00    0.00  1896.00     0.00     8.00    61.56  130.39  130.39    0.00   1.02  48.50
sdc               0.00     0.00  459.00    0.00  1836.00     0.00     8.00    60.44  132.18  132.18    0.00   1.04  47.80
sdd               0.00     0.00  462.00    0.00  1848.00     0.00     8.00    60.83  132.18  132.18    0.00   1.02  47.00
bcache0           0.00     0.00  456.00    0.00  1824.00     0.00     8.00    65.68  144.03  144.03    0.00   1.06  48.50
bcache1           0.00     0.00  439.00    0.00  1756.00     0.00     8.00    64.47  146.86  146.86    0.00   1.08  47.60
bcache2           0.00     0.00  457.00    0.00  1828.00     0.00     8.00    64.81  141.83  141.83    0.00   1.03  46.90

avg-cpu:  %user   %nice %system %iowait  %steal   %idle
           0.09    0.00    0.60   26.66    0.00   72.65

Device:         rrqm/s   wrqm/s     r/s     w/s    rkB/s    wkB/s avgrq-sz avgqu-sz   await r_await w_await  svctm  %util
nvme0n1           0.00     0.00    2.00 1315.00     8.00  5755.50     8.75     0.00    0.04    0.00    0.04   0.63  82.50
sda               0.00     0.00    0.00    0.00     0.00     0.00     0.00     0.00    0.00    0.00    0.00   0.00   0.00
dm-0              0.00     0.00    0.00    0.00     0.00     0.00     0.00     0.00    0.00    0.00    0.00   0.00   0.00
dm-1              0.00     0.00    0.00    0.00     0.00     0.00     0.00     0.00    0.00    0.00    0.00   0.00   0.00
dm-2              0.00     0.00    0.00    0.00     0.00     0.00     0.00     0.00    0.00    0.00    0.00   0.00   0.00
sdb               0.00     0.00  426.00    0.00  1704.00     0.00     8.00    57.46  135.38  135.38    0.00   1.03  43.80
sdc               0.00     0.00  436.00    0.00  1744.00     0.00     8.00    57.65  132.71  132.71    0.00   1.03  44.90
sdd               0.00     0.00  435.00    0.00  1740.00     0.00     8.00    58.35  134.64  134.64    0.00   1.02  44.40
bcache0           0.00     0.00  444.00    0.00  1776.00     0.00     8.00    61.58  138.70  138.70    0.00   0.98  43.50
bcache1           0.00     0.00  455.00    0.00  1820.00     0.00     8.00    61.96  136.17  136.17    0.00   0.98  44.80
bcache2           0.00     0.00  441.00    0.00  1764.00     0.00     8.00    62.82  142.44  142.44    0.00   1.00  44.20

avg-cpu:  %user   %nice %system %iowait  %steal   %idle
           0.03    0.00    0.66   29.70    0.00   69.61

Device:         rrqm/s   wrqm/s     r/s     w/s    rkB/s    wkB/s avgrq-sz avgqu-sz   await r_await w_await  svctm  %util
nvme0n1           0.00     0.00    5.94 1372.28    23.76  5488.12     8.00     0.00    0.04    0.17    0.04   0.61  83.86
sda               0.00     0.00    0.00    0.00     0.00     0.00     0.00     0.00    0.00    0.00    0.00   0.00   0.00
dm-0              0.00     0.00    0.00    0.00     0.00     0.00     0.00     0.00    0.00    0.00    0.00   0.00   0.00
dm-1              0.00     0.00    0.00    0.00     0.00     0.00     0.00     0.00    0.00    0.00    0.00   0.00   0.00
dm-2              0.00     0.00    0.00    0.00     0.00     0.00     0.00     0.00    0.00    0.00    0.00   0.00   0.00
sdb               0.00     0.00  453.47    0.00  1813.86     0.00     8.00    59.80  132.36  132.36    0.00   1.03  46.83
sdc               0.00     0.00  471.29    0.00  1885.15     0.00     8.00    61.43  130.84  130.84    0.00   1.03  48.61
sdd               0.00     0.00  431.68    0.00  1726.73     0.00     8.00    62.17  144.52  144.52    0.00   1.03  44.26
bcache0           0.00     0.00  456.44    0.00  1825.74     0.00     8.00    64.13  140.51  140.51    0.00   1.01  46.14
bcache1           0.00     0.00  469.31    0.00  1877.23     0.00     8.00    66.06  140.77  140.77    0.00   1.03  48.32
bcache2           0.00     0.00  428.71    0.00  1714.85     0.00     8.00    66.39  154.85  154.85    0.00   1.03  44.26

