Linux 5.2.4-1.el7.elrepo.x86_64 (sfx-010) 	08/02/2019 	_x86_64_	(32 CPU)

avg-cpu:  %user   %nice %system %iowait  %steal   %idle
           0.40    0.00    1.28    5.80    0.00   92.52

Device:         rrqm/s   wrqm/s     r/s     w/s    rkB/s    wkB/s avgrq-sz avgqu-sz   await r_await w_await  svctm  %util
nvme0n1           0.00    64.38 43215.07  445.78 172862.00  1863.50     8.00    19.33    0.76    0.76    0.04   0.01  30.69
sda               0.00     0.04    0.13    0.31     3.26     4.64    36.09     0.00    5.25    5.62    5.10   0.53   0.02
dm-0              0.00     0.00    0.11    0.35     2.89     4.82    33.46     0.00    5.14    5.86    4.92   0.48   0.02
dm-1              0.00     0.00    0.00    0.00     0.02     0.00    50.64     0.00   36.88   36.88    0.00   0.56   0.00
dm-2              0.00     0.00    0.02    0.00     0.26     0.04    31.38     0.00    3.65    3.27    6.41   0.59   0.00
sdb               0.01     0.00  134.73    0.10   540.38     0.41     8.02    16.84  125.39  125.35  175.40   1.04  14.03
sdc               0.01     0.01  141.84    3.31   568.84    13.27     8.02    17.72  122.55  125.22    8.12   1.03  14.88
sdd               0.01     0.01  143.16    3.29   574.13    13.20     8.02    17.88  122.62  125.24    8.60   1.02  14.91
bcache0           0.00     0.00    0.00    0.00     0.02     0.00    44.35     0.00    0.39    0.39    0.00   0.23   0.00
bcache1           0.00     0.00    0.00    0.00     0.02     0.00    44.35     0.00    0.40    0.40    0.00   0.24   0.00
bcache2           0.00     0.00    0.00    0.00     0.02     0.00    44.35     0.00    0.20    0.20    0.00   0.20   0.00

avg-cpu:  %user   %nice %system %iowait  %steal   %idle
           0.88    0.00    1.13    3.41    0.00   94.58

Device:         rrqm/s   wrqm/s     r/s     w/s    rkB/s    wkB/s avgrq-sz avgqu-sz   await r_await w_await  svctm  %util
nvme0n1           0.00     0.00    1.00  912.00     4.00  4143.00     9.08     0.00    0.01    0.00    0.01   0.50  45.40
sda               0.00     0.00    0.00    0.00     0.00     0.00     0.00     0.00    0.00    0.00    0.00   0.00   0.00
dm-0              0.00     0.00    0.00    0.00     0.00     0.00     0.00     0.00    0.00    0.00    0.00   0.00   0.00
dm-1              0.00     0.00    0.00    0.00     0.00     0.00     0.00     0.00    0.00    0.00    0.00   0.00   0.00
dm-2              0.00     0.00    0.00    0.00     0.00     0.00     0.00     0.00    0.00    0.00    0.00   0.00   0.00
sdb               0.00     0.00  285.00    0.00  1140.00     0.00     8.00    26.48   93.43   93.43    0.00   1.03  29.30
sdc               0.00     0.00  307.00    0.00  1228.00     0.00     8.00    26.53   86.92   86.92    0.00   1.02  31.20
sdd               0.00     0.00  306.00    0.00  1224.00     0.00     8.00    26.52   87.16   87.16    0.00   1.02  31.10
bcache0           0.00     0.00  348.00    0.00  1392.00     0.00     8.00    28.22   81.09   81.09    0.00   0.85  29.60
bcache1           0.00     0.00  372.00    0.00  1488.00     0.00     8.00    28.20   75.82   75.82    0.00   0.83  30.90
bcache2           0.00     0.00  373.00    0.00  1492.00     0.00     8.00    28.07   75.25   75.25    0.00   0.83  30.90

avg-cpu:  %user   %nice %system %iowait  %steal   %idle
           0.06    0.00    0.38    5.95    0.00   93.61

Device:         rrqm/s   wrqm/s     r/s     w/s    rkB/s    wkB/s avgrq-sz avgqu-sz   await r_await w_await  svctm  %util
nvme0n1           0.00     0.00    2.00 1839.00     8.00  7355.00     8.00     0.00    0.02    0.50    0.02   0.51  93.60
sda               0.00     0.00    0.00    0.00     0.00     0.00     0.00     0.00    0.00    0.00    0.00   0.00   0.00
dm-0              0.00     0.00    0.00    0.00     0.00     0.00     0.00     0.00    0.00    0.00    0.00   0.00   0.00
dm-1              0.00     0.00    0.00    0.00     0.00     0.00     0.00     0.00    0.00    0.00    0.00   0.00   0.00
dm-2              0.00     0.00    0.00    0.00     0.00     0.00     0.00     0.00    0.00    0.00    0.00   0.00   0.00
sdb               0.00     0.00  614.00    0.00  2456.00     0.00     8.00    60.39   98.86   98.86    0.00   1.00  61.30
sdc               0.00     0.00  613.00    0.00  2452.00     0.00     8.00    61.26  100.45  100.45    0.00   1.01  62.10
sdd               0.00     0.00  589.00    0.00  2356.00     0.00     8.00    60.15  102.63  102.63    0.00   1.01  59.30
bcache0           0.00     0.00  617.00    0.00  2468.00     0.00     8.00    64.67  104.82  104.82    0.00   0.99  60.80
bcache1           0.00     0.00  617.00    0.00  2468.00     0.00     8.00    65.71  106.50  106.50    0.00   1.01  62.20
bcache2           0.00     0.00  584.00    0.00  2336.00     0.00     8.00    64.73  110.84  110.84    0.00   1.02  59.40

avg-cpu:  %user   %nice %system %iowait  %steal   %idle
           0.06    0.00    0.41    5.17    0.00   94.36

Device:         rrqm/s   wrqm/s     r/s     w/s    rkB/s    wkB/s avgrq-sz avgqu-sz   await r_await w_await  svctm  %util
nvme0n1           0.00     0.00   10.00 1819.00    40.00  7282.00     8.01     0.00    0.02    0.10    0.01   0.51  92.40
sda               0.00     0.00    0.00    0.00     0.00     0.00     0.00     0.00    0.00    0.00    0.00   0.00   0.00
dm-0              0.00     0.00    0.00    0.00     0.00     0.00     0.00     0.00    0.00    0.00    0.00   0.00   0.00
dm-1              0.00     0.00    0.00    0.00     0.00     0.00     0.00     0.00    0.00    0.00    0.00   0.00   0.00
dm-2              0.00     0.00    0.00    0.00     0.00     0.00     0.00     0.00    0.00    0.00    0.00   0.00   0.00
sdb               1.00     0.00  598.00    0.00  2396.00     0.00     8.01    60.42  101.57  101.57    0.00   1.01  60.50
sdc               0.00     0.00  624.00    0.00  2496.00     0.00     8.00    59.46   95.76   95.76    0.00   1.00  62.30
sdd               0.00     0.00  575.00    0.00  2300.00     0.00     8.00    60.71  106.08  106.08    0.00   1.01  58.00
bcache0           0.00     0.00  603.00    0.00  2412.00     0.00     8.00    64.87  107.58  107.58    0.00   1.00  60.10
bcache1           0.00     0.00  627.00    0.00  2508.00     0.00     8.00    63.73  101.64  101.64    0.00   0.99  62.10
bcache2           0.00     0.00  581.00    0.00  2324.00     0.00     8.00    64.78  111.49  111.49    0.00   0.99  57.50

avg-cpu:  %user   %nice %system %iowait  %steal   %idle
           0.06    0.00    0.41    5.73    0.00   93.80

Device:         rrqm/s   wrqm/s     r/s     w/s    rkB/s    wkB/s avgrq-sz avgqu-sz   await r_await w_await  svctm  %util
nvme0n1           0.00     0.00    8.00 1836.00    32.00  7941.00     8.65     0.00    0.02    0.12    0.01   0.50  92.70
sda               0.00     0.00    0.00    3.00     0.00    20.00    13.33     0.00    0.33    0.00    0.33   0.33   0.10
dm-0              0.00     0.00    0.00    3.00     0.00    20.00    13.33     0.00    0.00    0.00    0.00   0.33   0.10
dm-1              0.00     0.00    0.00    0.00     0.00     0.00     0.00     0.00    0.00    0.00    0.00   0.00   0.00
dm-2              0.00     0.00    0.00    0.00     0.00     0.00     0.00     0.00    0.00    0.00    0.00   0.00   0.00
sdb               0.00     0.00  621.00    0.00  2484.00     0.00     8.00    59.41   96.16   96.16    0.00   1.01  62.80
sdc               0.00     0.00  596.00    0.00  2384.00     0.00     8.00    60.22  101.54  101.54    0.00   1.01  60.30
sdd               0.00     0.00  590.00    0.00  2360.00     0.00     8.00    59.33  101.05  101.05    0.00   1.02  60.30
bcache0           0.00     0.00  618.00    0.00  2472.00     0.00     8.00    63.77  103.18  103.18    0.00   1.01  62.40
bcache1           0.00     0.00  595.00    0.00  2380.00     0.00     8.00    64.34  108.13  108.13    0.00   1.01  60.30
bcache2           0.00     0.00  595.00    0.00  2380.00     0.00     8.00    64.00  107.56  107.56    0.00   1.01  60.20

avg-cpu:  %user   %nice %system %iowait  %steal   %idle
           0.03    0.00    0.44    5.92    0.00   93.61

Device:         rrqm/s   wrqm/s     r/s     w/s    rkB/s    wkB/s avgrq-sz avgqu-sz   await r_await w_await  svctm  %util
nvme0n1           0.00     0.00   15.00 1793.00    60.00  7668.00     8.55     0.00    0.02    0.20    0.02   0.50  91.30
sda               0.00     0.00    0.00    0.00     0.00     0.00     0.00     0.00    0.00    0.00    0.00   0.00   0.00
dm-0              0.00     0.00    0.00    0.00     0.00     0.00     0.00     0.00    0.00    0.00    0.00   0.00   0.00
dm-1              0.00     0.00    0.00    0.00     0.00     0.00     0.00     0.00    0.00    0.00    0.00   0.00   0.00
dm-2              0.00     0.00    0.00    0.00     0.00     0.00     0.00     0.00    0.00    0.00    0.00   0.00   0.00
sdb               0.00     0.00  605.00    0.00  2420.00     0.00     8.00    59.89   99.48   99.48    0.00   1.01  60.90
sdc               0.00     0.00  600.00    0.00  2400.00     0.00     8.00    58.57   98.12   98.12    0.00   1.00  60.30
sdd               0.00     0.00  562.00    0.00  2248.00     0.00     8.00    59.24  105.90  105.90    0.00   1.00  56.40
bcache0           0.00     0.00  614.00    0.00  2456.00     0.00     8.00    64.28  104.69  104.69    0.00   0.99  60.90
bcache1           0.00     0.00  604.00    0.00  2416.00     0.00     8.00    63.04  104.36  104.36    0.00   1.00  60.20
bcache2           0.00     0.00  565.00    0.00  2260.00     0.00     8.00    63.20  111.85  111.85    0.00   1.00  56.40

avg-cpu:  %user   %nice %system %iowait  %steal   %idle
           2.91    0.00    0.53    6.36    0.00   90.20

Device:         rrqm/s   wrqm/s     r/s     w/s    rkB/s    wkB/s avgrq-sz avgqu-sz   await r_await w_await  svctm  %util
nvme0n1           0.00     0.00   18.00 1840.00    72.00  7519.50     8.17     0.00    0.02    0.17    0.01   0.51  93.90
sda               0.00     0.00    0.00    0.00     0.00     0.00     0.00     0.00    0.00    0.00    0.00   0.00   0.00
dm-0              0.00     0.00    0.00    0.00     0.00     0.00     0.00     0.00    0.00    0.00    0.00   0.00   0.00
dm-1              0.00     0.00    0.00    0.00     0.00     0.00     0.00     0.00    0.00    0.00    0.00   0.00   0.00
dm-2              0.00     0.00    0.00    0.00     0.00     0.00     0.00     0.00    0.00    0.00    0.00   0.00   0.00
sdb               0.00     0.00  611.00    0.00  2444.00     0.00     8.00    60.28   99.15   99.15    0.00   1.00  61.40
sdc               0.00     0.00  596.00    0.00  2384.00     0.00     8.00    61.33  103.42  103.42    0.00   1.00  59.50
sdd               1.00     0.00  610.00    0.00  2444.00     0.00     8.01    61.30  100.99  100.99    0.00   1.00  60.70
bcache0           0.00     0.00  614.00    0.00  2456.00     0.00     8.00    64.43  104.93  104.93    0.00   1.00  61.20
bcache1           0.00     0.00  604.00    0.00  2416.00     0.00     8.00    65.63  108.66  108.66    0.00   0.98  59.40
bcache2           0.00     0.00  625.00    0.00  2500.00     0.00     8.00    65.75  105.20  105.20    0.00   0.97  60.70

avg-cpu:  %user   %nice %system %iowait  %steal   %idle
           1.47    0.00    0.66    7.77    0.00   90.10

Device:         rrqm/s   wrqm/s     r/s     w/s    rkB/s    wkB/s avgrq-sz avgqu-sz   await r_await w_await  svctm  %util
nvme0n1           0.00     0.00   12.00 1845.00    48.00  8068.00     8.74     0.00    0.02    0.17    0.01   0.49  91.90
sda               0.00     0.00    0.00    0.00     0.00     0.00     0.00     0.00    0.00    0.00    0.00   0.00   0.00
dm-0              0.00     0.00    0.00    0.00     0.00     0.00     0.00     0.00    0.00    0.00    0.00   0.00   0.00
dm-1              0.00     0.00    0.00    0.00     0.00     0.00     0.00     0.00    0.00    0.00    0.00   0.00   0.00
dm-2              0.00     0.00    0.00    0.00     0.00     0.00     0.00     0.00    0.00    0.00    0.00   0.00   0.00
sdb               0.00     0.00  596.00    0.00  2384.00     0.00     8.00    60.40  101.86  101.86    0.00   1.01  59.90
sdc               0.00     0.00  612.00    0.00  2448.00     0.00     8.00    59.69   98.03   98.03    0.00   0.99  60.60
sdd               0.00     0.00  607.00    0.00  2428.00     0.00     8.00    60.79  100.67  100.67    0.00   1.01  61.40
bcache0           0.00     0.00  600.00    0.00  2400.00     0.00     8.00    64.80  107.99  107.99    0.00   1.00  59.80
bcache1           0.00     0.00  613.00    0.00  2452.00     0.00     8.00    63.93  104.29  104.29    0.00   0.99  60.70
bcache2           0.00     0.00  607.00    0.00  2428.00     0.00     8.00    65.08  107.22  107.22    0.00   1.01  61.20

avg-cpu:  %user   %nice %system %iowait  %steal   %idle
           0.06    0.00    0.66    8.80    0.00   90.48

Device:         rrqm/s   wrqm/s     r/s     w/s    rkB/s    wkB/s avgrq-sz avgqu-sz   await r_await w_await  svctm  %util
nvme0n1           0.00     0.00   16.00 1794.00    64.00  7177.50     8.00     0.00    0.02    0.12    0.02   0.51  92.90
sda               0.00     0.00    0.00    0.00     0.00     0.00     0.00     0.00    0.00    0.00    0.00   0.00   0.00
dm-0              0.00     0.00    0.00    0.00     0.00     0.00     0.00     0.00    0.00    0.00    0.00   0.00   0.00
dm-1              0.00     0.00    0.00    0.00     0.00     0.00     0.00     0.00    0.00    0.00    0.00   0.00   0.00
dm-2              0.00     0.00    0.00    0.00     0.00     0.00     0.00     0.00    0.00    0.00    0.00   0.00   0.00
sdb               0.00     0.00  578.00    0.00  2312.00     0.00     8.00    60.27  104.77  104.77    0.00   1.00  57.60
sdc               0.00     0.00  606.00    0.00  2424.00     0.00     8.00    60.61  100.50  100.50    0.00   1.00  60.90
sdd               1.00     0.00  589.00    0.00  2360.00     0.00     8.01    59.01  100.70  100.70    0.00   1.01  59.50
bcache0           0.00     0.00  580.00    0.00  2320.00     0.00     8.00    64.50  111.20  111.20    0.00   0.99  57.60
bcache1           0.00     0.00  616.00    0.00  2464.00     0.00     8.00    65.06  105.62  105.62    0.00   0.99  61.10
bcache2           0.00     0.00  597.00    0.00  2388.00     0.00     8.00    63.50  106.37  106.37    0.00   1.00  59.60

avg-cpu:  %user   %nice %system %iowait  %steal   %idle
           0.09    0.00    0.72   10.95    0.00   88.23

Device:         rrqm/s   wrqm/s     r/s     w/s    rkB/s    wkB/s avgrq-sz avgqu-sz   await r_await w_await  svctm  %util
nvme0n1           0.00     0.00   18.00 1811.00    72.00  7913.00     8.73     0.00    0.02    0.17    0.02   0.49  90.50
sda               0.00     0.00    0.00    2.00     0.00     8.00     8.00     0.00    0.00    0.00    0.00   0.50   0.10
dm-0              0.00     0.00    0.00    2.00     0.00     8.00     8.00     0.00    0.00    0.00    0.00   0.50   0.10
dm-1              0.00     0.00    0.00    0.00     0.00     0.00     0.00     0.00    0.00    0.00    0.00   0.00   0.00
dm-2              0.00     0.00    0.00    0.00     0.00     0.00     0.00     0.00    0.00    0.00    0.00   0.00   0.00
sdb               1.00     0.00  591.00    0.00  2368.00     0.00     8.01    59.92  101.88  101.88    0.00   1.00  59.20
sdc               0.00     0.00  599.00    0.00  2396.00     0.00     8.00    59.43   99.73   99.73    0.00   1.01  60.30
sdd               0.00     0.00  593.00    0.00  2372.00     0.00     8.00    60.67  102.80  102.80    0.00   1.01  60.10
bcache0           0.00     0.00  599.00    0.00  2396.00     0.00     8.00    64.22  107.22  107.22    0.00   0.99  59.10
bcache1           0.00     0.00  606.00    0.00  2424.00     0.00     8.00    63.76  105.21  105.21    0.00   1.00  60.40
bcache2           0.00     0.00  598.00    0.00  2392.00     0.00     8.00    64.85  108.44  108.44    0.00   1.00  59.90

avg-cpu:  %user   %nice %system %iowait  %steal   %idle
           0.06    0.00    0.66   10.43    0.00   88.85

Device:         rrqm/s   wrqm/s     r/s     w/s    rkB/s    wkB/s avgrq-sz avgqu-sz   await r_await w_await  svctm  %util
nvme0n1           0.00     0.00   30.00 1843.00   120.00  7578.50     8.22     0.00    0.02    0.13    0.02   0.50  92.80
sda               0.00     0.00    0.00    0.00     0.00     0.00     0.00     0.00    0.00    0.00    0.00   0.00   0.00
dm-0              0.00     0.00    0.00    0.00     0.00     0.00     0.00     0.00    0.00    0.00    0.00   0.00   0.00
dm-1              0.00     0.00    0.00    0.00     0.00     0.00     0.00     0.00    0.00    0.00    0.00   0.00   0.00
dm-2              0.00     0.00    0.00    0.00     0.00     0.00     0.00     0.00    0.00    0.00    0.00   0.00   0.00
sdb               0.00     0.00  624.00    0.00  2496.00     0.00     8.00    59.62   96.05   96.05    0.00   1.01  63.10
sdc               0.00     0.00  599.00    0.00  2396.00     0.00     8.00    61.25  102.77  102.77    0.00   1.00  60.10
sdd               0.00     0.00  594.00    0.00  2376.00     0.00     8.00    60.03  101.58  101.58    0.00   0.99  58.90
bcache0           0.00     0.00  636.00    0.00  2544.00     0.00     8.00    64.01  100.65  100.65    0.00   0.98  62.60
bcache1           0.00     0.00  608.00    0.00  2432.00     0.00     8.00    65.69  108.05  108.05    0.00   0.98  59.50
bcache2           0.00     0.00  603.00    0.00  2412.00     0.00     8.00    64.41  106.81  106.81    0.00   0.98  59.20

