Linux 5.2.4-1.el7.elrepo.x86_64 (sfx-010) 	08/02/2019 	_x86_64_	(32 CPU)

avg-cpu:  %user   %nice %system %iowait  %steal   %idle
           0.40    0.00    1.27    5.79    0.00   92.53

Device:         rrqm/s   wrqm/s     r/s     w/s    rkB/s    wkB/s avgrq-sz avgqu-sz   await r_await w_await  svctm  %util
nvme0n1           0.00    72.78 43110.88  447.30 172445.46  1866.84     8.00    19.29    0.76    0.76    0.04   0.01  30.65
sda               0.00     0.04    0.13    0.32     3.25     4.69    35.69     0.00    5.19    5.62    5.03   0.53   0.02
dm-0              0.00     0.00    0.11    0.36     2.88     4.88    33.04     0.00    5.09    5.86    4.85   0.47   0.02
dm-1              0.00     0.00    0.00    0.00     0.02     0.00    50.64     0.00   36.88   36.88    0.00   0.56   0.00
dm-2              0.00     0.00    0.02    0.00     0.26     0.04    31.38     0.00    3.65    3.27    6.41   0.59   0.00
sdb               0.01     0.00  134.60    0.10   540.03     0.40     8.02    16.82  125.35  125.31  175.06   1.04  14.01
sdc               0.01     0.01  141.69    3.30   568.43    13.24     8.02    17.69  122.51  125.18    8.12   1.03  14.86
sdd               0.01     0.01  143.01    3.28   573.70    13.17     8.02    17.86  122.59  125.20    8.60   1.02  14.89
bcache0           0.00     0.00    0.00    0.00     0.02     0.00    44.35     0.00    0.31    0.31    0.00   0.26   0.00
bcache1           0.00     0.00    0.00    0.00     0.02     0.00    44.35     0.00    0.26    0.26    0.00   0.24   0.00
bcache2           0.00     0.00    0.00    0.00     0.02     0.00    44.35     0.00    0.42    0.42    0.00   0.22   0.00

avg-cpu:  %user   %nice %system %iowait  %steal   %idle
           0.81    0.00    1.22    6.01    0.00   91.95

Device:         rrqm/s   wrqm/s     r/s     w/s    rkB/s    wkB/s avgrq-sz avgqu-sz   await r_await w_await  svctm  %util
nvme0n1           0.00     0.00    1.00  890.00     4.00  4056.00     9.11     0.00    0.01    0.00    0.01   0.52  46.00
sda               0.00     0.00    0.00    0.00     0.00     0.00     0.00     0.00    0.00    0.00    0.00   0.00   0.00
dm-0              0.00     0.00    0.00    0.00     0.00     0.00     0.00     0.00    0.00    0.00    0.00   0.00   0.00
dm-1              0.00     0.00    0.00    0.00     0.00     0.00     0.00     0.00    0.00    0.00    0.00   0.00   0.00
dm-2              0.00     0.00    0.00    0.00     0.00     0.00     0.00     0.00    0.00    0.00    0.00   0.00   0.00
sdb               0.00     0.00  289.00    0.00  1156.00     0.00     8.00    26.32   91.59   91.59    0.00   1.03  29.70
sdc               0.00     0.00  306.00    0.00  1224.00     0.00     8.00    26.19   86.08   86.08    0.00   1.02  31.20
sdd               0.00     0.00  281.00    0.00  1124.00     0.00     8.00    25.25   90.35   90.35    0.00   1.03  28.90
bcache0           0.00     0.00  356.00    0.00  1424.00     0.00     8.00    28.15   79.08   79.08    0.00   0.84  29.80
bcache1           0.00     0.00  372.00    0.00  1488.00     0.00     8.00    28.15   75.68   75.68    0.00   0.84  31.30
bcache2           0.00     0.00  349.00    0.00  1396.00     0.00     8.00    26.96   77.25   77.25    0.00   0.83  28.90

avg-cpu:  %user   %nice %system %iowait  %steal   %idle
           0.09    0.00    0.41    8.27    0.00   91.23

Device:         rrqm/s   wrqm/s     r/s     w/s    rkB/s    wkB/s avgrq-sz avgqu-sz   await r_await w_await  svctm  %util
nvme0n1           0.00     0.00    1.00 1792.00     4.00  7166.50     8.00     0.00    0.02    1.00    0.02   0.52  92.80
sda               0.00     0.00    0.00    1.00     0.00     4.00     8.00     0.00    0.00    0.00    0.00   1.00   0.10
dm-0              0.00     0.00    0.00    1.00     0.00     4.00     8.00     0.00    0.00    0.00    0.00   1.00   0.10
dm-1              0.00     0.00    0.00    0.00     0.00     0.00     0.00     0.00    0.00    0.00    0.00   0.00   0.00
dm-2              0.00     0.00    0.00    0.00     0.00     0.00     0.00     0.00    0.00    0.00    0.00   0.00   0.00
sdb               0.00     0.00  592.00    0.00  2368.00     0.00     8.00    60.06  101.95  101.95    0.00   1.01  59.70
sdc               0.00     0.00  613.00    0.00  2452.00     0.00     8.00    59.72   97.90   97.90    0.00   1.03  62.90
sdd               0.00     0.00  564.00    0.00  2256.00     0.00     8.00    60.78  108.28  108.28    0.00   1.02  57.50
bcache0           0.00     0.00  592.00    0.00  2368.00     0.00     8.00    64.36  108.72  108.72    0.00   1.01  59.60
bcache1           0.00     0.00  609.00    0.00  2436.00     0.00     8.00    63.76  104.69  104.69    0.00   1.03  62.50
bcache2           0.00     0.00  560.00    0.00  2240.00     0.00     8.00    65.20  116.42  116.42    0.00   1.03  57.50

avg-cpu:  %user   %nice %system %iowait  %steal   %idle
           0.03    0.00    0.41    9.18    0.00   90.38

Device:         rrqm/s   wrqm/s     r/s     w/s    rkB/s    wkB/s avgrq-sz avgqu-sz   await r_await w_await  svctm  %util
nvme0n1           0.00     0.00    8.00 1767.00    32.00  7073.00     8.01     0.00    0.02    0.12    0.01   0.51  91.40
sda               0.00     0.00    0.00    0.00     0.00     0.00     0.00     0.00    0.00    0.00    0.00   0.00   0.00
dm-0              0.00     0.00    0.00    0.00     0.00     0.00     0.00     0.00    0.00    0.00    0.00   0.00   0.00
dm-1              0.00     0.00    0.00    0.00     0.00     0.00     0.00     0.00    0.00    0.00    0.00   0.00   0.00
dm-2              0.00     0.00    0.00    0.00     0.00     0.00     0.00     0.00    0.00    0.00    0.00   0.00   0.00
sdb               0.00     0.00  586.00    0.00  2344.00     0.00     8.00    59.81  102.57  102.57    0.00   1.00  58.80
sdc               0.00     0.00  602.00    0.00  2408.00     0.00     8.00    60.47  100.94  100.94    0.00   1.02  61.40
sdd               0.00     0.00  558.00    0.00  2232.00     0.00     8.00    61.50  110.72  110.72    0.00   1.01  56.10
bcache0           0.00     0.00  585.00    0.00  2340.00     0.00     8.00    64.34  109.98  109.98    0.00   1.01  58.90
bcache1           0.00     0.00  611.00    0.00  2444.00     0.00     8.00    64.67  105.83  105.83    0.00   1.00  61.10
bcache2           0.00     0.00  564.00    0.00  2256.00     0.00     8.00    65.82  116.71  116.71    0.00   1.00  56.20

avg-cpu:  %user   %nice %system %iowait  %steal   %idle
           0.06    0.00    0.41    9.34    0.00   90.19

Device:         rrqm/s   wrqm/s     r/s     w/s    rkB/s    wkB/s avgrq-sz avgqu-sz   await r_await w_await  svctm  %util
nvme0n1           0.00     0.00    6.00 1782.00    24.00  7717.00     8.66     0.00    0.02    0.00    0.02   0.52  92.70
sda               0.00     0.00    0.00    0.00     0.00     0.00     0.00     0.00    0.00    0.00    0.00   0.00   0.00
dm-0              0.00     0.00    0.00    0.00     0.00     0.00     0.00     0.00    0.00    0.00    0.00   0.00   0.00
dm-1              0.00     0.00    0.00    0.00     0.00     0.00     0.00     0.00    0.00    0.00    0.00   0.00   0.00
dm-2              0.00     0.00    0.00    0.00     0.00     0.00     0.00     0.00    0.00    0.00    0.00   0.00   0.00
sdb               0.00     0.00  584.00    0.00  2336.00     0.00     8.00    59.72  102.75  102.75    0.00   1.02  59.60
sdc               0.00     0.00  587.00    0.00  2348.00     0.00     8.00    60.87  104.18  104.18    0.00   1.00  58.60
sdd               0.00     0.00  585.00    0.00  2340.00     0.00     8.00    59.43  102.09  102.09    0.00   1.02  59.70
bcache0           0.00     0.00  584.00    0.00  2336.00     0.00     8.00    63.73  109.12  109.12    0.00   1.01  59.20
bcache1           0.00     0.00  587.00    0.00  2348.00     0.00     8.00    65.36  111.34  111.34    0.00   1.00  58.60
bcache2           0.00     0.00  587.00    0.00  2348.00     0.00     8.00    63.60  108.35  108.35    0.00   1.02  59.60

avg-cpu:  %user   %nice %system %iowait  %steal   %idle
           0.06    0.00    0.44    7.32    0.00   92.18

Device:         rrqm/s   wrqm/s     r/s     w/s    rkB/s    wkB/s avgrq-sz avgqu-sz   await r_await w_await  svctm  %util
nvme0n1           0.00     0.00   10.00 1755.00    40.00  7024.00     8.00     0.00    0.02    0.20    0.02   0.53  92.80
sda               0.00     0.00    0.00    0.00     0.00     0.00     0.00     0.00    0.00    0.00    0.00   0.00   0.00
dm-0              0.00     0.00    0.00    0.00     0.00     0.00     0.00     0.00    0.00    0.00    0.00   0.00   0.00
dm-1              0.00     0.00    0.00    0.00     0.00     0.00     0.00     0.00    0.00    0.00    0.00   0.00   0.00
dm-2              0.00     0.00    0.00    0.00     0.00     0.00     0.00     0.00    0.00    0.00    0.00   0.00   0.00
sdb               0.00     0.00  586.00    0.00  2344.00     0.00     8.00    61.01  104.61  104.61    0.00   1.01  59.10
sdc               0.00     0.00  588.00    0.00  2352.00     0.00     8.00    58.66  100.26  100.26    0.00   1.01  59.20
sdd               0.00     0.00  560.00    0.00  2240.00     0.00     8.00    60.20  108.00  108.00    0.00   1.02  57.10
bcache0           0.00     0.00  587.00    0.00  2348.00     0.00     8.00    65.33  111.29  111.29    0.00   1.00  58.80
bcache1           0.00     0.00  595.00    0.00  2380.00     0.00     8.00    62.75  105.46  105.46    0.00   0.99  58.90
bcache2           0.00     0.00  564.00    0.00  2256.00     0.00     8.00    64.37  114.14  114.14    0.00   1.01  57.20

avg-cpu:  %user   %nice %system %iowait  %steal   %idle
           2.88    0.00    0.56    8.08    0.00   88.47

Device:         rrqm/s   wrqm/s     r/s     w/s    rkB/s    wkB/s avgrq-sz avgqu-sz   await r_await w_await  svctm  %util
nvme0n1           0.00     0.00   17.00 1773.00    68.00  7751.50     8.74     0.00    0.02    0.12    0.02   0.52  93.00
sda               0.00     0.00    0.00    0.00     0.00     0.00     0.00     0.00    0.00    0.00    0.00   0.00   0.00
dm-0              0.00     0.00    0.00    0.00     0.00     0.00     0.00     0.00    0.00    0.00    0.00   0.00   0.00
dm-1              0.00     0.00    0.00    0.00     0.00     0.00     0.00     0.00    0.00    0.00    0.00   0.00   0.00
dm-2              0.00     0.00    0.00    0.00     0.00     0.00     0.00     0.00    0.00    0.00    0.00   0.00   0.00
sdb               0.00     0.00  557.00    0.00  2228.00     0.00     8.00    59.66  107.60  107.60    0.00   1.01  56.20
sdc               0.00     0.00  602.00    0.00  2408.00     0.00     8.00    61.55  102.75  102.75    0.00   1.01  60.70
sdd               0.00     0.00  586.00    0.00  2344.00     0.00     8.00    60.37  103.52  103.52    0.00   1.00  58.40
bcache0           0.00     0.00  565.00    0.00  2260.00     0.00     8.00    63.81  112.94  112.94    0.00   0.99  55.90
bcache1           0.00     0.00  605.00    0.00  2420.00     0.00     8.00    65.98  109.06  109.06    0.00   1.00  60.20
bcache2           0.00     0.00  591.00    0.00  2364.00     0.00     8.00    64.73  109.53  109.53    0.00   0.99  58.50

