Linux 5.2.4-1.el7.elrepo.x86_64 (sfx-010) 	08/02/2019 	_x86_64_	(32 CPU)

avg-cpu:  %user   %nice %system %iowait  %steal   %idle
           0.60    0.00    1.90    5.28    0.00   92.22

Device:         rrqm/s   wrqm/s     r/s     w/s    rkB/s    wkB/s avgrq-sz avgqu-sz   await r_await w_await  svctm  %util
nvme0n1           0.00   145.23 65957.56  421.81 263834.03  1732.36     8.00    13.76    0.05    0.05    0.04   0.00  32.30
sda               0.00     0.08    0.09    0.41     2.40     5.29    30.40     0.00    4.89    5.62    4.73   0.48   0.02
dm-0              0.00     0.00    0.08    0.49     2.13     5.56    27.00     0.00    4.75    5.86    4.57   0.41   0.02
dm-1              0.00     0.00    0.00    0.00     0.02     0.00    50.64     0.00   36.88   36.88    0.00   0.56   0.00
dm-2              0.00     0.00    0.01    0.00     0.19     0.03    31.19     0.00    3.65    3.27    6.23   0.59   0.00
sdb               0.01     0.01  122.44    0.08   492.93     0.31     8.05    15.29  125.26  125.24  170.60   1.04  12.72
sdc               0.01     0.01  127.66    2.44   513.81     9.77     8.05    15.93  122.91  125.10    8.13   1.03  13.35
sdd               0.01     0.02  128.52    2.42   517.25     9.72     8.05    16.04  123.00  125.16    8.61   1.02  13.38
bcache0           0.00     0.00    0.00    0.00     0.02     0.00    44.35     0.00    0.32    0.32    0.00   0.23   0.00
bcache1           0.00     0.00    0.00    0.00     0.02     0.00    44.35     0.00    0.30    0.30    0.00   0.23   0.00
bcache2           0.00     0.00    0.00    0.00     0.02     0.00    44.35     0.00    0.26    0.26    0.00   0.20   0.00

avg-cpu:  %user   %nice %system %iowait  %steal   %idle
           0.81    0.00    1.19   14.29    0.00   83.70

Device:         rrqm/s   wrqm/s     r/s     w/s    rkB/s    wkB/s avgrq-sz avgqu-sz   await r_await w_await  svctm  %util
nvme0n1           0.00     0.00    1.00  665.00     4.00  3154.50     9.48     0.00    0.04    0.00    0.04   0.63  42.20
sda               0.00     0.00    0.00    0.00     0.00     0.00     0.00     0.00    0.00    0.00    0.00   0.00   0.00
dm-0              0.00     0.00    0.00    0.00     0.00     0.00     0.00     0.00    0.00    0.00    0.00   0.00   0.00
dm-1              0.00     0.00    0.00    0.00     0.00     0.00     0.00     0.00    0.00    0.00    0.00   0.00   0.00
dm-2              0.00     0.00    0.00    0.00     0.00     0.00     0.00     0.00    0.00    0.00    0.00   0.00   0.00
sdb               0.00     0.00  215.00    0.00   860.00     0.00     8.00    24.72  115.48  115.48    0.00   1.06  22.80
sdc               0.00     0.00  201.00    0.00   804.00     0.00     8.00    24.56  122.68  122.68    0.00   1.05  21.10
sdd               0.00     0.00  237.00    0.00   948.00     0.00     8.00    25.43  107.78  107.78    0.00   1.05  25.00
bcache0           0.00     0.00  276.00    0.00  1104.00     0.00     8.00    26.12   94.65   94.65    0.00   0.82  22.60
bcache1           0.00     0.00  268.00    0.00  1072.00     0.00     8.00    26.09   97.36   97.36    0.00   0.79  21.20
bcache2           0.00     0.00  301.00    0.00  1204.00     0.00     8.00    26.95   89.54   89.54    0.00   0.82  24.80

avg-cpu:  %user   %nice %system %iowait  %steal   %idle
           0.06    0.00    0.38   27.36    0.00   72.20

Device:         rrqm/s   wrqm/s     r/s     w/s    rkB/s    wkB/s avgrq-sz avgqu-sz   await r_await w_await  svctm  %util
nvme0n1           0.00     0.00    0.00 1375.00     0.00  5502.00     8.00     0.00    0.04    0.00    0.04   0.62  85.20
sda               0.00     0.00    0.00    0.00     0.00     0.00     0.00     0.00    0.00    0.00    0.00   0.00   0.00
dm-0              0.00     0.00    0.00    0.00     0.00     0.00     0.00     0.00    0.00    0.00    0.00   0.00   0.00
dm-1              0.00     0.00    0.00    0.00     0.00     0.00     0.00     0.00    0.00    0.00    0.00   0.00   0.00
dm-2              0.00     0.00    0.00    0.00     0.00     0.00     0.00     0.00    0.00    0.00    0.00   0.00   0.00
sdb               0.00     0.00  459.00    0.00  1836.00     0.00     8.00    61.20  133.83  133.83    0.00   1.02  47.00
sdc               0.00     0.00  442.00    0.00  1768.00     0.00     8.00    60.59  137.57  137.57    0.00   1.02  45.30
sdd               0.00     0.00  457.00    0.00  1828.00     0.00     8.00    59.18  129.98  129.98    0.00   1.03  47.10
bcache0           0.00     0.00  464.00    0.00  1856.00     0.00     8.00    65.63  141.45  141.45    0.00   1.01  47.00
bcache1           0.00     0.00  440.00    0.00  1760.00     0.00     8.00    64.75  147.15  147.15    0.00   1.02  45.10
bcache2           0.00     0.00  456.00    0.00  1824.00     0.00     8.00    63.35  138.93  138.93    0.00   1.02  46.70

avg-cpu:  %user   %nice %system %iowait  %steal   %idle
           0.03    0.00    0.38   27.73    0.00   71.86

Device:         rrqm/s   wrqm/s     r/s     w/s    rkB/s    wkB/s avgrq-sz avgqu-sz   await r_await w_await  svctm  %util
nvme0n1           0.00     0.00    0.00 1383.00     0.00  5533.50     8.00     0.00    0.04    0.00    0.04   0.60  82.90
sda               0.00     0.00    0.00    4.00     0.00    16.00     8.00     0.00    0.25    0.00    0.25   0.25   0.10
dm-0              0.00     0.00    0.00    4.00     0.00    16.00     8.00     0.00    0.00    0.00    0.00   0.25   0.10
dm-1              0.00     0.00    0.00    0.00     0.00     0.00     0.00     0.00    0.00    0.00    0.00   0.00   0.00
dm-2              0.00     0.00    0.00    0.00     0.00     0.00     0.00     0.00    0.00    0.00    0.00   0.00   0.00
sdb               0.00     0.00  461.00    0.00  1844.00     0.00     8.00    58.43  127.26  127.26    0.00   1.03  47.40
sdc               0.00     0.00  460.00    0.00  1840.00     0.00     8.00    60.34  131.70  131.70    0.00   1.02  47.00
sdd               0.00     0.00  445.00    0.00  1780.00     0.00     8.00    60.57  136.62  136.62    0.00   1.02  45.30
bcache0           0.00     0.00  456.00    0.00  1824.00     0.00     8.00    62.69  137.47  137.47    0.00   1.04  47.30
bcache1           0.00     0.00  456.00    0.00  1824.00     0.00     8.00    64.56  141.59  141.59    0.00   1.02  46.60
bcache2           0.00     0.00  448.00    0.00  1792.00     0.00     8.00    64.90  144.87  144.87    0.00   1.00  45.00

avg-cpu:  %user   %nice %system %iowait  %steal   %idle
           0.06    0.00    0.44   26.52    0.00   72.98

Device:         rrqm/s   wrqm/s     r/s     w/s    rkB/s    wkB/s avgrq-sz avgqu-sz   await r_await w_await  svctm  %util
nvme0n1           0.00     0.00    2.00 1376.00     8.00  5999.50     8.72     0.00    0.04    0.00    0.04   0.62  85.10
sda               0.00    27.00    0.00  102.00     0.00  1220.00    23.92     0.14    1.95    0.00    1.95   0.15   1.50
dm-0              0.00     0.00    0.00  129.00     0.00  1236.00    19.16     0.26    2.01    0.00    2.01   0.12   1.50
dm-1              0.00     0.00    0.00    0.00     0.00     0.00     0.00     0.00    0.00    0.00    0.00   0.00   0.00
dm-2              0.00     0.00    0.00    0.00     0.00     0.00     0.00     0.00    0.00    0.00    0.00   0.00   0.00
sdb               0.00     0.00  443.00    0.00  1772.00     0.00     8.00    61.57  139.51  139.51    0.00   1.02  45.10
sdc               0.00     0.00  460.00    0.00  1840.00     0.00     8.00    60.03  130.98  130.98    0.00   1.03  47.50
sdd               0.00     0.00  452.00    0.00  1808.00     0.00     8.00    58.33  129.54  129.54    0.00   1.02  46.30
bcache0           0.00     0.00  449.00    0.00  1796.00     0.00     8.00    65.78  146.50  146.50    0.00   1.00  44.80
bcache1           0.00     0.00  464.00    0.00  1856.00     0.00     8.00    64.31  138.60  138.60    0.00   1.01  46.80
bcache2           0.00     0.00  449.00    0.00  1796.00     0.00     8.00    62.69  139.61  139.61    0.00   1.03  46.20

avg-cpu:  %user   %nice %system %iowait  %steal   %idle
           0.06    0.00    0.38   25.39    0.00   74.17

Device:         rrqm/s   wrqm/s     r/s     w/s    rkB/s    wkB/s avgrq-sz avgqu-sz   await r_await w_await  svctm  %util
nvme0n1           0.00     0.00    2.00 1400.00     8.00  5695.50     8.14     0.00    0.04    0.00    0.04   0.59  83.20
sda               0.00     0.00    0.00    0.00     0.00     0.00     0.00     0.00    0.00    0.00    0.00   0.00   0.00
dm-0              0.00     0.00    0.00    0.00     0.00     0.00     0.00     0.00    0.00    0.00    0.00   0.00   0.00
dm-1              0.00     0.00    0.00    0.00     0.00     0.00     0.00     0.00    0.00    0.00    0.00   0.00   0.00
dm-2              0.00     0.00    0.00    0.00     0.00     0.00     0.00     0.00    0.00    0.00    0.00   0.00   0.00
sdb               0.00     0.00  455.00    0.00  1820.00     0.00     8.00    59.83  132.00  132.00    0.00   1.02  46.60
sdc               0.00     0.00  468.00    0.00  1872.00     0.00     8.00    60.67  130.14  130.14    0.00   1.03  48.20
sdd               0.00     0.00  459.00    0.00  1836.00     0.00     8.00    62.21  136.03  136.03    0.00   1.02  47.00
bcache0           0.00     0.00  456.00    0.00  1824.00     0.00     8.00    63.80  139.92  139.92    0.00   1.02  46.60
bcache1           0.00     0.00  466.00    0.00  1864.00     0.00     8.00    65.02  139.52  139.52    0.00   1.03  48.00
bcache2           0.00     0.00  464.00    0.00  1856.00     0.00     8.00    66.53  143.39  143.39    0.00   1.00  46.60

