Linux 5.2.4-1.el7.elrepo.x86_64 (sfx-010) 	08/02/2019 	_x86_64_	(32 CPU)

avg-cpu:  %user   %nice %system %iowait  %steal   %idle
           0.40    0.00    1.27    5.79    0.00   92.54

Device:         rrqm/s   wrqm/s     r/s     w/s    rkB/s    wkB/s avgrq-sz avgqu-sz   await r_await w_await  svctm  %util
nvme0n1           0.00    74.89 43090.15  447.70 172362.57  1867.76     8.00    19.28    0.76    0.76    0.04   0.01  30.64
sda               0.00     0.05    0.13    0.32     3.25     4.71    35.63     0.00    5.19    5.62    5.02   0.52   0.02
dm-0              0.00     0.00    0.11    0.36     2.88     4.91    32.92     0.00    5.08    5.86    4.84   0.47   0.02
dm-1              0.00     0.00    0.00    0.00     0.02     0.00    50.64     0.00   36.88   36.88    0.00   0.56   0.00
dm-2              0.00     0.00    0.02    0.00     0.26     0.04    31.38     0.00    3.65    3.27    6.41   0.59   0.00
sdb               0.01     0.00  134.57    0.10   539.96     0.40     8.03    16.81  125.34  125.30  174.98   1.04  14.01
sdc               0.01     0.01  141.66    3.30   568.35    13.24     8.02    17.69  122.51  125.17    8.12   1.03  14.86
sdd               0.01     0.01  142.98    3.28   573.61    13.16     8.02    17.86  122.58  125.20    8.60   1.02  14.89
bcache0           0.00     0.00    0.00    0.00     0.02     0.00    44.35     0.00    0.30    0.30    0.00   0.25   0.00
bcache1           0.00     0.00    0.00    0.00     0.02     0.00    44.35     0.00    0.24    0.24    0.00   0.22   0.00
bcache2           0.00     0.00    0.00    0.00     0.02     0.00    44.35     0.00    0.28    0.28    0.00   0.20   0.00

avg-cpu:  %user   %nice %system %iowait  %steal   %idle
           0.88    0.00    1.06    4.92    0.00   93.14

Device:         rrqm/s   wrqm/s     r/s     w/s    rkB/s    wkB/s avgrq-sz avgqu-sz   await r_await w_await  svctm  %util
nvme0n1           0.00     0.00    2.00  877.00     8.00  4004.00     9.13     0.00    0.02    0.50    0.01   0.52  45.50
sda               0.00     0.00    0.00    0.00     0.00     0.00     0.00     0.00    0.00    0.00    0.00   0.00   0.00
dm-0              0.00     0.00    0.00    0.00     0.00     0.00     0.00     0.00    0.00    0.00    0.00   0.00   0.00
dm-1              0.00     0.00    0.00    0.00     0.00     0.00     0.00     0.00    0.00    0.00    0.00   0.00   0.00
dm-2              0.00     0.00    0.00    0.00     0.00     0.00     0.00     0.00    0.00    0.00    0.00   0.00   0.00
sdb               0.00     0.00  275.00    0.00  1100.00     0.00     8.00    25.98   94.94   94.94    0.00   1.02  28.00
sdc               0.00     0.00  303.00    0.00  1212.00     0.00     8.00    26.17   86.87   86.87    0.00   1.03  31.10
sdd               0.00     0.00  284.00    0.00  1136.00     0.00     8.00    25.38   89.89   89.89    0.00   1.03  29.20
bcache0           0.00     0.00  340.00    0.00  1360.00     0.00     8.00    27.62   81.24   81.24    0.00   0.82  28.00
bcache1           0.00     0.00  365.00    0.00  1460.00     0.00     8.00    27.94   76.54   76.54    0.00   0.86  31.30
bcache2           0.00     0.00  349.00    0.00  1396.00     0.00     8.00    27.20   77.94   77.94    0.00   0.83  29.10

avg-cpu:  %user   %nice %system %iowait  %steal   %idle
           0.06    0.00    0.41    6.79    0.00   92.74

Device:         rrqm/s   wrqm/s     r/s     w/s    rkB/s    wkB/s avgrq-sz avgqu-sz   await r_await w_await  svctm  %util
nvme0n1           0.00     0.00    0.00 1790.00     0.00  7164.00     8.00     0.00    0.01    0.00    0.01   0.52  93.80
sda               0.00     0.00    0.00    0.00     0.00     0.00     0.00     0.00    0.00    0.00    0.00   0.00   0.00
dm-0              0.00     0.00    0.00    0.00     0.00     0.00     0.00     0.00    0.00    0.00    0.00   0.00   0.00
dm-1              0.00     0.00    0.00    0.00     0.00     0.00     0.00     0.00    0.00    0.00    0.00   0.00   0.00
dm-2              0.00     0.00    0.00    0.00     0.00     0.00     0.00     0.00    0.00    0.00    0.00   0.00   0.00
sdb               0.00     0.00  579.00    0.00  2316.00     0.00     8.00    61.02  105.88  105.88    0.00   1.01  58.30
sdc               0.00     0.00  607.00    0.00  2428.00     0.00     8.00    59.68   98.81   98.81    0.00   1.01  61.60
sdd               0.00     0.00  583.00    0.00  2332.00     0.00     8.00    60.59  104.43  104.43    0.00   1.01  59.00
bcache0           0.00     0.00  576.00    0.00  2304.00     0.00     8.00    65.34  113.44  113.44    0.00   1.01  58.20
bcache1           0.00     0.00  608.00    0.00  2432.00     0.00     8.00    63.86  105.03  105.03    0.00   1.01  61.60
bcache2           0.00     0.00  584.00    0.00  2336.00     0.00     8.00    64.84  111.03  111.03    0.00   1.01  58.80

avg-cpu:  %user   %nice %system %iowait  %steal   %idle
           0.06    0.00    0.28    6.71    0.00   92.95

Device:         rrqm/s   wrqm/s     r/s     w/s    rkB/s    wkB/s avgrq-sz avgqu-sz   await r_await w_await  svctm  %util
nvme0n1           0.00     0.00    8.00 1783.00    32.00  7135.50     8.00     0.00    0.01    0.12    0.01   0.52  93.50
sda               0.00     0.00    0.00    0.00     0.00     0.00     0.00     0.00    0.00    0.00    0.00   0.00   0.00
dm-0              0.00     0.00    0.00    0.00     0.00     0.00     0.00     0.00    0.00    0.00    0.00   0.00   0.00
dm-1              0.00     0.00    0.00    0.00     0.00     0.00     0.00     0.00    0.00    0.00    0.00   0.00   0.00
dm-2              0.00     0.00    0.00    0.00     0.00     0.00     0.00     0.00    0.00    0.00    0.00   0.00   0.00
sdb               0.00     0.00  590.00    0.00  2360.00     0.00     8.00    60.15  102.43  102.43    0.00   0.99  58.70
sdc               0.00     0.00  583.00    0.00  2332.00     0.00     8.00    60.72  104.65  104.65    0.00   1.02  59.40
sdd               0.00     0.00  589.00    0.00  2356.00     0.00     8.00    61.15  104.31  104.31    0.00   1.02  60.00
bcache0           0.00     0.00  593.00    0.00  2372.00     0.00     8.00    64.47  108.72  108.72    0.00   0.99  58.80
bcache1           0.00     0.00  587.00    0.00  2348.00     0.00     8.00    65.19  111.05  111.05    0.00   1.01  59.40
bcache2           0.00     0.00  596.00    0.00  2384.00     0.00     8.00    65.38  109.69  109.69    0.00   1.01  60.20

avg-cpu:  %user   %nice %system %iowait  %steal   %idle
           0.06    0.00    0.34    4.86    0.00   94.74

Device:         rrqm/s   wrqm/s     r/s     w/s    rkB/s    wkB/s avgrq-sz avgqu-sz   await r_await w_await  svctm  %util
nvme0n1           0.00     0.00    7.00 1783.00    28.00  7723.50     8.66     0.00    0.01    0.14    0.01   0.52  93.70
sda               0.00     0.00    0.00    3.00     0.00    12.00     8.00     0.00    0.33    0.00    0.33   0.33   0.10
dm-0              0.00     0.00    0.00    3.00     0.00    12.00     8.00     0.00    0.00    0.00    0.00   0.33   0.10
dm-1              0.00     0.00    0.00    0.00     0.00     0.00     0.00     0.00    0.00    0.00    0.00   0.00   0.00
dm-2              0.00     0.00    0.00    0.00     0.00     0.00     0.00     0.00    0.00    0.00    0.00   0.00   0.00
sdb               0.00     0.00  600.00    0.00  2400.00     0.00     8.00    59.45   99.58   99.58    0.00   1.02  61.30
sdc               0.00     0.00  571.00    0.00  2284.00     0.00     8.00    59.98  105.53  105.53    0.00   1.04  59.10
sdd               0.00     0.00  585.00    0.00  2340.00     0.00     8.00    59.63  102.44  102.44    0.00   1.02  59.70
bcache0           0.00     0.00  600.00    0.00  2400.00     0.00     8.00    63.72  106.20  106.20    0.00   1.02  61.50
bcache1           0.00     0.00  580.00    0.00  2320.00     0.00     8.00    64.08  110.48  110.48    0.00   1.01  58.80
bcache2           0.00     0.00  587.00    0.00  2348.00     0.00     8.00    63.98  108.99  108.99    0.00   1.01  59.30

avg-cpu:  %user   %nice %system %iowait  %steal   %idle
           0.03    0.00    0.31    6.33    0.00   93.32

Device:         rrqm/s   wrqm/s     r/s     w/s    rkB/s    wkB/s avgrq-sz avgqu-sz   await r_await w_await  svctm  %util
nvme0n1           0.00     0.00   10.00 1726.00    40.00  7400.00     8.57     0.00    0.01    0.10    0.01   0.52  89.60
sda               0.00     0.00    0.00    0.00     0.00     0.00     0.00     0.00    0.00    0.00    0.00   0.00   0.00
dm-0              0.00     0.00    0.00    0.00     0.00     0.00     0.00     0.00    0.00    0.00    0.00   0.00   0.00
dm-1              0.00     0.00    0.00    0.00     0.00     0.00     0.00     0.00    0.00    0.00    0.00   0.00   0.00
dm-2              0.00     0.00    0.00    0.00     0.00     0.00     0.00     0.00    0.00    0.00    0.00   0.00   0.00
sdb               0.00     0.00  559.00    0.00  2236.00     0.00     8.00    60.52  108.79  108.79    0.00   1.01  56.40
sdc               0.00     0.00  590.00    0.00  2360.00     0.00     8.00    60.21  102.54  102.54    0.00   1.01  59.30
sdd               0.00     0.00  553.00    0.00  2212.00     0.00     8.00    60.11  109.20  109.20    0.00   1.01  55.80
bcache0           0.00     0.00  562.00    0.00  2248.00     0.00     8.00    64.88  115.45  115.45    0.00   1.00  56.30
bcache1           0.00     0.00  587.00    0.00  2348.00     0.00     8.00    64.69  110.20  110.20    0.00   1.01  59.30
bcache2           0.00     0.00  557.00    0.00  2228.00     0.00     8.00    64.29  115.43  115.43    0.00   1.00  55.70

avg-cpu:  %user   %nice %system %iowait  %steal   %idle
           2.88    0.00    0.59    7.95    0.00   88.58

Device:         rrqm/s   wrqm/s     r/s     w/s    rkB/s    wkB/s avgrq-sz avgqu-sz   await r_await w_await  svctm  %util
nvme0n1           0.00     0.00   18.00 1781.00    72.00  7290.00     8.18     0.00    0.01    0.22    0.01   0.51  91.80
sda               0.00     0.00    0.00    0.00     0.00     0.00     0.00     0.00    0.00    0.00    0.00   0.00   0.00
dm-0              0.00     0.00    0.00    0.00     0.00     0.00     0.00     0.00    0.00    0.00    0.00   0.00   0.00
dm-1              0.00     0.00    0.00    0.00     0.00     0.00     0.00     0.00    0.00    0.00    0.00   0.00   0.00
dm-2              0.00     0.00    0.00    0.00     0.00     0.00     0.00     0.00    0.00    0.00    0.00   0.00   0.00
sdb               0.00     0.00  587.00    0.00  2348.00     0.00     8.00    60.06  102.83  102.83    0.00   1.00  58.70
sdc               0.00     0.00  602.00    0.00  2408.00     0.00     8.00    60.04  100.23  100.23    0.00   1.01  60.70
sdd               0.00     0.00  569.00    0.00  2276.00     0.00     8.00    59.68  105.37  105.37    0.00   1.01  57.50
bcache0           0.00     0.00  591.00    0.00  2364.00     0.00     8.00    64.42  108.99  108.99    0.00   0.99  58.50
bcache1           0.00     0.00  613.00    0.00  2452.00     0.00     8.00    64.22  104.77  104.77    0.00   0.99  60.50
bcache2           0.00     0.00  574.00    0.00  2296.00     0.00     8.00    63.98  111.47  111.47    0.00   1.00  57.60

avg-cpu:  %user   %nice %system %iowait  %steal   %idle
           1.60    0.00    0.60    9.55    0.00   88.26

Device:         rrqm/s   wrqm/s     r/s     w/s    rkB/s    wkB/s avgrq-sz avgqu-sz   await r_await w_await  svctm  %util
nvme0n1           0.00     0.00   10.00 1795.00    40.00  7868.00     8.76     0.00    0.01    0.10    0.01   0.51  91.90
sda               0.00     0.00    0.00    0.00     0.00     0.00     0.00     0.00    0.00    0.00    0.00   0.00   0.00
dm-0              0.00     0.00    0.00    0.00     0.00     0.00     0.00     0.00    0.00    0.00    0.00   0.00   0.00
dm-1              0.00     0.00    0.00    0.00     0.00     0.00     0.00     0.00    0.00    0.00    0.00   0.00   0.00
dm-2              0.00     0.00    0.00    0.00     0.00     0.00     0.00     0.00    0.00    0.00    0.00   0.00   0.00
sdb               0.00     0.00  587.00    0.00  2348.00     0.00     8.00    60.49  103.54  103.54    0.00   1.00  58.70
sdc               0.00     0.00  592.00    0.00  2368.00     0.00     8.00    60.31  102.36  102.36    0.00   1.01  59.50
sdd               0.00     0.00  589.00    0.00  2356.00     0.00     8.00    61.17  104.35  104.35    0.00   1.01  59.30
bcache0           0.00     0.00  593.00    0.00  2372.00     0.00     8.00    64.78  109.23  109.23    0.00   0.99  58.80
bcache1           0.00     0.00  594.00    0.00  2376.00     0.00     8.00    64.54  108.66  108.66    0.00   1.00  59.50
bcache2           0.00     0.00  599.00    0.00  2396.00     0.00     8.00    65.54  109.42  109.42    0.00   0.99  59.10

avg-cpu:  %user   %nice %system %iowait  %steal   %idle
           0.09    0.00    0.56    9.65    0.00   89.69

Device:         rrqm/s   wrqm/s     r/s     w/s    rkB/s    wkB/s avgrq-sz avgqu-sz   await r_await w_await  svctm  %util
nvme0n1           0.00     0.00   15.00 1759.00    60.00  7036.00     8.00     0.00    0.02    0.20    0.01   0.51  91.20
sda               0.00     0.00    0.00    0.00     0.00     0.00     0.00     0.00    0.00    0.00    0.00   0.00   0.00
dm-0              0.00     0.00    0.00    0.00     0.00     0.00     0.00     0.00    0.00    0.00    0.00   0.00   0.00
dm-1              0.00     0.00    0.00    0.00     0.00     0.00     0.00     0.00    0.00    0.00    0.00   0.00   0.00
dm-2              0.00     0.00    0.00    0.00     0.00     0.00     0.00     0.00    0.00    0.00    0.00   0.00   0.00
sdb               0.00     0.00  574.00    0.00  2296.00     0.00     8.00    58.91  103.14  103.14    0.00   1.02  58.30
sdc               0.00     0.00  589.00    0.00  2356.00     0.00     8.00    60.50  103.22  103.22    0.00   1.01  59.20
sdd               0.00     0.00  574.00    0.00  2296.00     0.00     8.00    59.69  104.51  104.51    0.00   1.01  57.90
bcache0           0.00     0.00  572.00    0.00  2288.00     0.00     8.00    63.19  110.48  110.48    0.00   1.02  58.30
bcache1           0.00     0.00  592.00    0.00  2368.00     0.00     8.00    64.77  109.40  109.40    0.00   1.00  59.00
bcache2           0.00     0.00  571.00    0.00  2284.00     0.00     8.00    64.03  112.14  112.14    0.00   1.02  58.00

