Linux 5.2.4-1.el7.elrepo.x86_64 (sfx-010) 	08/02/2019 	_x86_64_	(32 CPU)

avg-cpu:  %user   %nice %system %iowait  %steal   %idle
           0.61    0.00    1.91    5.29    0.00   92.19

Device:         rrqm/s   wrqm/s     r/s     w/s    rkB/s    wkB/s avgrq-sz avgqu-sz   await r_await w_await  svctm  %util
nvme0n1           0.00   114.52 66456.17  415.75 265827.67  1718.01     8.00    13.87    0.05    0.05    0.04   0.00  32.44
sda               0.00     0.06    0.09    0.38     2.42     4.94    31.39     0.00    4.96    5.62    4.80   0.50   0.02
dm-0              0.00     0.00    0.08    0.44     2.14     5.19    28.25     0.00    4.84    5.86    4.65   0.44   0.02
dm-1              0.00     0.00    0.00    0.00     0.02     0.00    50.64     0.00   36.88   36.88    0.00   0.56   0.00
dm-2              0.00     0.00    0.01    0.00     0.19     0.03    31.19     0.00    3.65    3.27    6.23   0.59   0.00
sdb               0.01     0.01  122.78    0.08   493.63     0.31     8.04    15.33  125.32  125.29  172.21   1.04  12.76
sdc               0.01     0.01  128.03    2.46   514.66     9.84     8.04    15.98  122.95  125.15    8.13   1.03  13.39
sdd               0.01     0.01  128.90    2.44   518.13     9.79     8.04    16.09  123.04  125.20    8.61   1.02  13.42
bcache0           0.00     0.00    0.00    0.00     0.02     0.00    44.35     0.00    0.33    0.33    0.00   0.24   0.00
bcache1           0.00     0.00    0.00    0.00     0.02     0.00    44.35     0.00    0.44    0.44    0.00   0.25   0.00
bcache2           0.00     0.00    0.00    0.00     0.02     0.00    44.35     0.00    0.22    0.22    0.00   0.20   0.00

avg-cpu:  %user   %nice %system %iowait  %steal   %idle
           0.88    0.00    1.28   13.99    0.00   83.84

Device:         rrqm/s   wrqm/s     r/s     w/s    rkB/s    wkB/s avgrq-sz avgqu-sz   await r_await w_await  svctm  %util
nvme0n1           0.00     0.00    2.00  840.00     8.00  3854.50     9.17     0.00    0.04    0.50    0.04   0.54  45.40
sda               0.00     0.00    0.00    0.00     0.00     0.00     0.00     0.00    0.00    0.00    0.00   0.00   0.00
dm-0              0.00     0.00    0.00    0.00     0.00     0.00     0.00     0.00    0.00    0.00    0.00   0.00   0.00
dm-1              0.00     0.00    0.00    0.00     0.00     0.00     0.00     0.00    0.00    0.00    0.00   0.00   0.00
dm-2              0.00     0.00    0.00    0.00     0.00     0.00     0.00     0.00    0.00    0.00    0.00   0.00   0.00
sdb               0.00     0.00  262.00    0.00  1048.00     0.00     8.00    25.00   95.93   95.93    0.00   1.05  27.60
sdc               0.00     0.00  285.00    0.00  1140.00     0.00     8.00    26.12   92.16   92.16    0.00   1.07  30.40
sdd               0.00     0.00  279.00    0.00  1116.00     0.00     8.00    26.01   93.76   93.76    0.00   1.04  29.10
bcache0           0.00     0.00  324.00    0.00  1296.00     0.00     8.00    26.65   82.25   82.25    0.00   0.85  27.60
bcache1           0.00     0.00  349.00    0.00  1396.00     0.00     8.00    27.80   79.65   79.65    0.00   0.87  30.50
bcache2           0.00     0.00  341.00    0.00  1364.00     0.00     8.00    27.81   81.56   81.56    0.00   0.84  28.80

avg-cpu:  %user   %nice %system %iowait  %steal   %idle
           0.06    0.00    0.53   27.78    0.00   71.63

Device:         rrqm/s   wrqm/s     r/s     w/s    rkB/s    wkB/s avgrq-sz avgqu-sz   await r_await w_await  svctm  %util
nvme0n1           0.00     0.00    0.00 1717.00     0.00  6873.00     8.01     0.00    0.04    0.00    0.04   0.53  91.20
sda               0.00    20.00    0.00   76.00     0.00   880.00    23.16     0.34    4.96    0.00    4.96   0.11   0.80
dm-0              0.00     0.00    0.00   96.00     0.00   892.00    18.58     0.51    5.33    0.00    5.33   0.08   0.80
dm-1              0.00     0.00    0.00    0.00     0.00     0.00     0.00     0.00    0.00    0.00    0.00   0.00   0.00
dm-2              0.00     0.00    0.00    0.00     0.00     0.00     0.00     0.00    0.00    0.00    0.00   0.00   0.00
sdb               0.00     0.00  559.00    0.00  2236.00     0.00     8.00    60.64  108.97  108.97    0.00   1.03  57.60
sdc               0.00     0.00  581.00    0.00  2324.00     0.00     8.00    60.04  103.85  103.85    0.00   1.01  58.80
sdd               0.00     0.00  556.00    0.00  2224.00     0.00     8.00    59.97  108.37  108.37    0.00   1.01  56.40
bcache0           0.00     0.00  560.00    0.00  2240.00     0.00     8.00    64.87  115.84  115.84    0.00   1.02  57.20
bcache1           0.00     0.00  584.00    0.00  2336.00     0.00     8.00    64.31  110.11  110.11    0.00   1.00  58.60
bcache2           0.00     0.00  560.00    0.00  2240.00     0.00     8.00    64.30  114.82  114.82    0.00   1.01  56.70

avg-cpu:  %user   %nice %system %iowait  %steal   %idle
           0.06    0.00    0.47   28.75    0.00   70.72

Device:         rrqm/s   wrqm/s     r/s     w/s    rkB/s    wkB/s avgrq-sz avgqu-sz   await r_await w_await  svctm  %util
nvme0n1           0.00     0.00    5.00 1716.00    20.00  6863.50     8.00     0.00    0.04    0.00    0.04   0.53  90.70
sda               0.00     0.00    0.00    0.00     0.00     0.00     0.00     0.00    0.00    0.00    0.00   0.00   0.00
dm-0              0.00     0.00    0.00    0.00     0.00     0.00     0.00     0.00    0.00    0.00    0.00   0.00   0.00
dm-1              0.00     0.00    0.00    0.00     0.00     0.00     0.00     0.00    0.00    0.00    0.00   0.00   0.00
dm-2              0.00     0.00    0.00    0.00     0.00     0.00     0.00     0.00    0.00    0.00    0.00   0.00   0.00
sdb               0.00     0.00  567.00    0.00  2268.00     0.00     8.00    60.91  107.93  107.93    0.00   1.00  56.50
sdc               0.00     0.00  559.00    0.00  2236.00     0.00     8.00    59.23  106.46  106.46    0.00   1.01  56.50
sdd               0.00     0.00  569.00    0.00  2276.00     0.00     8.00    60.89  107.52  107.52    0.00   1.02  58.10
bcache0           0.00     0.00  569.00    0.00  2276.00     0.00     8.00    65.27  114.70  114.70    0.00   0.99  56.30
bcache1           0.00     0.00  563.00    0.00  2252.00     0.00     8.00    63.57  112.91  112.91    0.00   1.00  56.40
bcache2           0.00     0.00  569.00    0.00  2276.00     0.00     8.00    64.91  114.08  114.08    0.00   1.01  57.70

avg-cpu:  %user   %nice %system %iowait  %steal   %idle
           0.06    0.00    0.63   28.70    0.00   70.61

Device:         rrqm/s   wrqm/s     r/s     w/s    rkB/s    wkB/s avgrq-sz avgqu-sz   await r_await w_await  svctm  %util
nvme0n1           0.00     0.00    8.00 1704.00    32.00  7404.00     8.69     0.00    0.04    0.25    0.04   0.54  92.40
sda               0.00     0.00    0.00    4.00     0.00    20.00    10.00     0.10   26.75    0.00   26.75   0.50   0.20
dm-0              0.00     0.00    0.00    4.00     0.00    20.00    10.00     0.10   26.00    0.00   26.00   0.50   0.20
dm-1              0.00     0.00    0.00    0.00     0.00     0.00     0.00     0.00    0.00    0.00    0.00   0.00   0.00
dm-2              0.00     0.00    0.00    0.00     0.00     0.00     0.00     0.00    0.00    0.00    0.00   0.00   0.00
sdb               0.00     0.00  565.00    0.00  2260.00     0.00     8.00    57.55  102.36  102.36    0.00   1.02  57.40
sdc               1.00     0.00  568.00    0.00  2276.00     0.00     8.01    61.06  108.01  108.01    0.00   1.01  57.50
sdd               0.00     0.00  544.00    0.00  2176.00     0.00     8.00    60.22  111.20  111.20    0.00   1.03  56.30
bcache0           0.00     0.00  569.00    0.00  2276.00     0.00     8.00    61.96  108.89  108.89    0.00   1.00  57.10
bcache1           0.00     0.00  572.00    0.00  2288.00     0.00     8.00    65.48  114.47  114.47    0.00   1.01  57.70
bcache2           0.00     0.00  548.00    0.00  2192.00     0.00     8.00    64.45  117.61  117.61    0.00   1.02  56.00

avg-cpu:  %user   %nice %system %iowait  %steal   %idle
           0.06    0.00    0.53   26.80    0.00   72.60

Device:         rrqm/s   wrqm/s     r/s     w/s    rkB/s    wkB/s avgrq-sz avgqu-sz   await r_await w_await  svctm  %util
nvme0n1           0.00     0.00    8.00 1642.00    32.00  6573.50     8.01     0.00    0.04    0.12    0.04   0.55  90.60
sda               0.00     0.00    0.00    0.00     0.00     0.00     0.00     0.00    0.00    0.00    0.00   0.00   0.00
dm-0              0.00     0.00    0.00    0.00     0.00     0.00     0.00     0.00    0.00    0.00    0.00   0.00   0.00
dm-1              0.00     0.00    0.00    0.00     0.00     0.00     0.00     0.00    0.00    0.00    0.00   0.00   0.00
dm-2              0.00     0.00    0.00    0.00     0.00     0.00     0.00     0.00    0.00    0.00    0.00   0.00   0.00
sdb               0.00     0.00  540.00    0.00  2160.00     0.00     8.00    62.26  115.79  115.79    0.00   1.02  55.20
sdc               0.00     0.00  545.00    0.00  2180.00     0.00     8.00    60.76  111.97  111.97    0.00   1.01  55.10
sdd               0.00     0.00  539.00    0.00  2156.00     0.00     8.00    58.55  109.13  109.13    0.00   1.02  54.80
bcache0           0.00     0.00  539.00    0.00  2156.00     0.00     8.00    66.53  123.43  123.43    0.00   1.02  55.00
bcache1           0.00     0.00  547.00    0.00  2188.00     0.00     8.00    64.95  118.74  118.74    0.00   1.01  55.10
bcache2           0.00     0.00  538.00    0.00  2152.00     0.00     8.00    62.89  116.89  116.89    0.00   1.01  54.60

