Linux 5.2.4-1.el7.elrepo.x86_64 (sfx-010) 	08/02/2019 	_x86_64_	(32 CPU)

avg-cpu:  %user   %nice %system %iowait  %steal   %idle
           0.60    0.00    1.90    5.29    0.00   92.21

Device:         rrqm/s   wrqm/s     r/s     w/s    rkB/s    wkB/s avgrq-sz avgqu-sz   await r_await w_await  svctm  %util
nvme0n1           0.00   129.93 66205.78  418.84 264826.54  1725.41     8.00    13.81    0.05    0.05    0.04   0.00  32.37
sda               0.00     0.07    0.09    0.40     2.41     5.12    30.73     0.00    4.89    5.62    4.72   0.49   0.02
dm-0              0.00     0.00    0.08    0.46     2.13     5.38    27.58     0.00    4.78    5.86    4.59   0.43   0.02
dm-1              0.00     0.00    0.00    0.00     0.02     0.00    50.64     0.00   36.88   36.88    0.00   0.56   0.00
dm-2              0.00     0.00    0.01    0.00     0.19     0.03    31.19     0.00    3.65    3.27    6.23   0.59   0.00
sdb               0.01     0.01  122.62    0.08   493.34     0.31     8.05    15.31  125.28  125.25  171.40   1.04  12.74
sdc               0.01     0.01  127.86    2.45   514.29     9.81     8.04    15.95  122.92  125.11    8.13   1.03  13.38
sdd               0.01     0.01  128.72    2.43   517.75     9.76     8.04    16.07  123.01  125.17    8.61   1.02  13.40
bcache0           0.00     0.00    0.00    0.00     0.02     0.00    44.35     0.00    0.38    0.38    0.00   0.25   0.00
bcache1           0.00     0.00    0.00    0.00     0.02     0.00    44.35     0.00    0.41    0.41    0.00   0.24   0.00
bcache2           0.00     0.00    0.00    0.00     0.02     0.00    44.35     0.00    0.30    0.30    0.00   0.20   0.00

avg-cpu:  %user   %nice %system %iowait  %steal   %idle
           0.81    0.00    1.22   15.17    0.00   82.80

Device:         rrqm/s   wrqm/s     r/s     w/s    rkB/s    wkB/s avgrq-sz avgqu-sz   await r_await w_await  svctm  %util
nvme0n1           0.00     0.00    2.00  776.00     8.00  3599.00     9.27     0.00    0.04    0.00    0.04   0.56  43.60
sda               0.00     0.00    0.00    0.00     0.00     0.00     0.00     0.00    0.00    0.00    0.00   0.00   0.00
dm-0              0.00     0.00    0.00    0.00     0.00     0.00     0.00     0.00    0.00    0.00    0.00   0.00   0.00
dm-1              0.00     0.00    0.00    0.00     0.00     0.00     0.00     0.00    0.00    0.00    0.00   0.00   0.00
dm-2              0.00     0.00    0.00    0.00     0.00     0.00     0.00     0.00    0.00    0.00    0.00   0.00   0.00
sdb               0.00     0.00  261.00    0.00  1044.00     0.00     8.00    26.11  100.55  100.55    0.00   1.08  28.10
sdc               0.00     0.00  256.00    0.00  1024.00     0.00     8.00    26.61  104.42  104.42    0.00   1.05  26.90
sdd               0.00     0.00  245.00    0.00   980.00     0.00     8.00    25.06  102.80  102.80    0.00   1.04  25.60
bcache0           0.00     0.00  324.00    0.00  1296.00     0.00     8.00    27.73   85.58   85.58    0.00   0.86  27.80
bcache1           0.00     0.00  325.00    0.00  1300.00     0.00     8.00    28.20   86.76   86.76    0.00   0.83  26.90
bcache2           0.00     0.00  309.00    0.00  1236.00     0.00     8.00    26.65   86.25   86.25    0.00   0.82  25.40

avg-cpu:  %user   %nice %system %iowait  %steal   %idle
           0.06    0.00    0.38   24.82    0.00   74.74

Device:         rrqm/s   wrqm/s     r/s     w/s    rkB/s    wkB/s avgrq-sz avgqu-sz   await r_await w_await  svctm  %util
nvme0n1           0.00     0.00    0.00 1528.00     0.00  6118.00     8.01     0.00    0.04    0.00    0.04   0.57  87.70
sda               0.00     0.00    0.00    0.00     0.00     0.00     0.00     0.00    0.00    0.00    0.00   0.00   0.00
dm-0              0.00     0.00    0.00    0.00     0.00     0.00     0.00     0.00    0.00    0.00    0.00   0.00   0.00
dm-1              0.00     0.00    0.00    0.00     0.00     0.00     0.00     0.00    0.00    0.00    0.00   0.00   0.00
dm-2              0.00     0.00    0.00    0.00     0.00     0.00     0.00     0.00    0.00    0.00    0.00   0.00   0.00
sdb               0.00     0.00  512.00    0.00  2048.00     0.00     8.00    59.32  116.37  116.37    0.00   1.01  51.60
sdc               0.00     0.00  500.00    0.00  2000.00     0.00     8.00    59.97  120.43  120.43    0.00   1.03  51.30
sdd               0.00     0.00  498.00    0.00  1992.00     0.00     8.00    60.95  122.92  122.92    0.00   1.03  51.10
bcache0           0.00     0.00  512.00    0.00  2048.00     0.00     8.00    63.62  124.26  124.26    0.00   1.01  51.60
bcache1           0.00     0.00  496.00    0.00  1984.00     0.00     8.00    64.41  129.86  129.86    0.00   1.04  51.50
bcache2           0.00     0.00  496.00    0.00  1984.00     0.00     8.00    65.33  131.71  131.71    0.00   1.03  51.00

avg-cpu:  %user   %nice %system %iowait  %steal   %idle
           0.03    0.00    0.41   26.16    0.00   73.40

Device:         rrqm/s   wrqm/s     r/s     w/s    rkB/s    wkB/s avgrq-sz avgqu-sz   await r_await w_await  svctm  %util
nvme0n1           0.00     0.00    2.00 1493.00     8.00  5970.00     8.00     0.00    0.04    0.00    0.04   0.58  86.80
sda               0.00     1.00    0.00   27.00     0.00   280.00    20.74     0.71   27.00    0.00   27.00   0.19   0.50
dm-0              0.00     0.00    0.00   28.00     0.00   312.00    22.29     0.82   29.29    0.00   29.29   0.18   0.50
dm-1              0.00     0.00    0.00    0.00     0.00     0.00     0.00     0.00    0.00    0.00    0.00   0.00   0.00
dm-2              0.00     0.00    0.00    0.00     0.00     0.00     0.00     0.00    0.00    0.00    0.00   0.00   0.00
sdb               0.00     0.00  498.00    0.00  1992.00     0.00     8.00    59.79  120.56  120.56    0.00   1.03  51.20
sdc               0.00     0.00  487.00    0.00  1948.00     0.00     8.00    59.16  121.98  121.98    0.00   1.02  49.90
sdd               0.00     0.00  490.00    0.00  1960.00     0.00     8.00    60.08  123.12  123.12    0.00   1.02  49.90
bcache0           0.00     0.00  496.00    0.00  1984.00     0.00     8.00    63.78  128.59  128.59    0.00   1.03  51.10
bcache1           0.00     0.00  490.00    0.00  1960.00     0.00     8.00    63.41  129.41  129.41    0.00   1.01  49.30
bcache2           0.00     0.00  496.00    0.00  1984.00     0.00     8.00    64.29  129.61  129.61    0.00   1.00  49.80

avg-cpu:  %user   %nice %system %iowait  %steal   %idle
           0.03    0.00    0.47   26.37    0.00   73.12

Device:         rrqm/s   wrqm/s     r/s     w/s    rkB/s    wkB/s avgrq-sz avgqu-sz   await r_await w_await  svctm  %util
nvme0n1           0.00     0.00    4.00 1512.00    16.00  6640.50     8.78     0.00    0.04    0.25    0.04   0.59  89.50
sda               0.00     0.00    0.00    0.00     0.00     0.00     0.00     0.00    0.00    0.00    0.00   0.00   0.00
dm-0              0.00     0.00    0.00    0.00     0.00     0.00     0.00     0.00    0.00    0.00    0.00   0.00   0.00
dm-1              0.00     0.00    0.00    0.00     0.00     0.00     0.00     0.00    0.00    0.00    0.00   0.00   0.00
dm-2              0.00     0.00    0.00    0.00     0.00     0.00     0.00     0.00    0.00    0.00    0.00   0.00   0.00
sdb               0.00     0.00  496.00    0.00  1984.00     0.00     8.00    61.19  123.88  123.88    0.00   1.02  50.40
sdc               0.00     0.00  494.00    0.00  1976.00     0.00     8.00    59.10  120.13  120.13    0.00   1.01  50.00
sdd               0.00     0.00  499.00    0.00  1996.00     0.00     8.00    59.75  120.24  120.24    0.00   1.03  51.50
bcache0           0.00     0.00  496.00    0.00  1984.00     0.00     8.00    65.68  132.42  132.42    0.00   1.01  50.30
bcache1           0.00     0.00  497.00    0.00  1988.00     0.00     8.00    63.17  127.11  127.11    0.00   1.00  49.90
bcache2           0.00     0.00  499.00    0.00  1996.00     0.00     8.00    64.10  128.45  128.45    0.00   1.03  51.60

avg-cpu:  %user   %nice %system %iowait  %steal   %idle
           0.06    0.00    0.44   26.62    0.00   72.87

Device:         rrqm/s   wrqm/s     r/s     w/s    rkB/s    wkB/s avgrq-sz avgqu-sz   await r_await w_await  svctm  %util
nvme0n1           0.00     0.00    3.00 1520.00    12.00  6080.50     8.00     0.00    0.04    0.00    0.04   0.58  88.00
sda               0.00     0.00    0.00    0.00     0.00     0.00     0.00     0.00    0.00    0.00    0.00   0.00   0.00
dm-0              0.00     0.00    0.00    0.00     0.00     0.00     0.00     0.00    0.00    0.00    0.00   0.00   0.00
dm-1              0.00     0.00    0.00    0.00     0.00     0.00     0.00     0.00    0.00    0.00    0.00   0.00   0.00
dm-2              0.00     0.00    0.00    0.00     0.00     0.00     0.00     0.00    0.00    0.00    0.00   0.00   0.00
sdb               0.00     0.00  487.00    0.00  1948.00     0.00     8.00    58.68  120.98  120.98    0.00   1.03  50.00
sdc               0.00     0.00  511.00    0.00  2044.00     0.00     8.00    61.83  121.48  121.48    0.00   1.02  52.20
sdd               0.00     0.00  503.00    0.00  2012.00     0.00     8.00    59.98  119.73  119.73    0.00   1.03  51.90
bcache0           0.00     0.00  488.00    0.00  1952.00     0.00     8.00    63.05  129.20  129.20    0.00   1.02  49.70
bcache1           0.00     0.00  514.00    0.00  2056.00     0.00     8.00    66.20  128.80  128.80    0.00   1.01  51.90
bcache2           0.00     0.00  505.00    0.00  2020.00     0.00     8.00    64.23  127.19  127.19    0.00   1.03  51.80

