Linux 5.2.4-1.el7.elrepo.x86_64 (sfx-010) 	08/02/2019 	_x86_64_	(32 CPU)

avg-cpu:  %user   %nice %system %iowait  %steal   %idle
           0.60    0.00    1.90    5.28    0.00   92.21

Device:         rrqm/s   wrqm/s     r/s     w/s    rkB/s    wkB/s avgrq-sz avgqu-sz   await r_await w_await  svctm  %util
nvme0n1           0.00   139.12 66057.07  420.63 264231.91  1729.63     8.00    13.78    0.05    0.05    0.04   0.00  32.33
sda               0.00     0.07    0.09    0.41     2.40     5.22    30.48     0.00    4.90    5.62    4.74   0.49   0.02
dm-0              0.00     0.00    0.08    0.48     2.13     5.49    27.20     0.00    4.77    5.86    4.59   0.42   0.02
dm-1              0.00     0.00    0.00    0.00     0.02     0.00    50.64     0.00   36.88   36.88    0.00   0.56   0.00
dm-2              0.00     0.00    0.01    0.00     0.19     0.03    31.19     0.00    3.65    3.27    6.23   0.59   0.00
sdb               0.01     0.01  122.52    0.08   493.11     0.31     8.05    15.30  125.27  125.24  170.92   1.04  12.73
sdc               0.01     0.01  127.74    2.44   514.02     9.79     8.05    15.94  122.91  125.10    8.13   1.03  13.36
sdd               0.01     0.02  128.60    2.43   517.46     9.73     8.05    16.05  123.00  125.16    8.61   1.02  13.39
bcache0           0.00     0.00    0.00    0.00     0.02     0.00    44.35     0.00    0.46    0.46    0.00   0.24   0.00
bcache1           0.00     0.00    0.00    0.00     0.02     0.00    44.35     0.00    0.25    0.25    0.00   0.23   0.00
bcache2           0.00     0.00    0.00    0.00     0.02     0.00    44.35     0.00    0.41    0.41    0.00   0.22   0.00

avg-cpu:  %user   %nice %system %iowait  %steal   %idle
           0.78    0.00    1.22   14.98    0.00   83.01

Device:         rrqm/s   wrqm/s     r/s     w/s    rkB/s    wkB/s avgrq-sz avgqu-sz   await r_await w_await  svctm  %util
nvme0n1           0.00     0.00    2.00  712.00     8.00  3343.50     9.39     0.00    0.04    0.50    0.04   0.60  43.00
sda               0.00     0.00    0.00    0.00     0.00     0.00     0.00     0.00    0.00    0.00    0.00   0.00   0.00
dm-0              0.00     0.00    0.00    0.00     0.00     0.00     0.00     0.00    0.00    0.00    0.00   0.00   0.00
dm-1              0.00     0.00    0.00    0.00     0.00     0.00     0.00     0.00    0.00    0.00    0.00   0.00   0.00
dm-2              0.00     0.00    0.00    0.00     0.00     0.00     0.00     0.00    0.00    0.00    0.00   0.00   0.00
sdb               0.00     0.00  235.00    0.00   940.00     0.00     8.00    25.27  108.03  108.03    0.00   1.05  24.70
sdc               0.00     0.00  238.00    0.00   952.00     0.00     8.00    24.45  103.24  103.24    0.00   1.04  24.80
sdd               0.00     0.00  227.00    0.00   908.00     0.00     8.00    25.25  111.71  111.71    0.00   1.07  24.20
bcache0           0.00     0.00  300.00    0.00  1200.00     0.00     8.00    26.99   89.95   89.95    0.00   0.82  24.50
bcache1           0.00     0.00  301.00    0.00  1204.00     0.00     8.00    26.03   86.48   86.48    0.00   0.82  24.80
bcache2           0.00     0.00  293.00    0.00  1172.00     0.00     8.00    26.70   91.14   91.14    0.00   0.82  24.00

avg-cpu:  %user   %nice %system %iowait  %steal   %idle
           0.06    0.00    0.47   28.11    0.00   71.35

Device:         rrqm/s   wrqm/s     r/s     w/s    rkB/s    wkB/s avgrq-sz avgqu-sz   await r_await w_await  svctm  %util
nvme0n1           0.00     0.00    0.00 1438.00     0.00  5754.50     8.00     0.00    0.04    0.00    0.04   0.61  88.00
sda               0.00     0.00    0.00    0.00     0.00     0.00     0.00     0.00    0.00    0.00    0.00   0.00   0.00
dm-0              0.00     0.00    0.00    0.00     0.00     0.00     0.00     0.00    0.00    0.00    0.00   0.00   0.00
dm-1              0.00     0.00    0.00    0.00     0.00     0.00     0.00     0.00    0.00    0.00    0.00   0.00   0.00
dm-2              0.00     0.00    0.00    0.00     0.00     0.00     0.00     0.00    0.00    0.00    0.00   0.00   0.00
sdb               0.00     0.00  486.00    0.00  1944.00     0.00     8.00    60.46  124.90  124.90    0.00   1.02  49.80
sdc               0.00     0.00  475.00    0.00  1900.00     0.00     8.00    60.73  128.38  128.38    0.00   1.03  48.80
sdd               0.00     0.00  459.00    0.00  1836.00     0.00     8.00    59.12  129.29  129.29    0.00   1.04  47.70
bcache0           0.00     0.00  488.00    0.00  1952.00     0.00     8.00    64.39  131.94  131.94    0.00   1.01  49.50
bcache1           0.00     0.00  480.00    0.00  1920.00     0.00     8.00    64.99  135.39  135.39    0.00   1.02  49.00
bcache2           0.00     0.00  456.00    0.00  1824.00     0.00     8.00    63.48  139.21  139.21    0.00   1.05  47.80

avg-cpu:  %user   %nice %system %iowait  %steal   %idle
           0.06    0.00    0.44   28.46    0.00   71.04

Device:         rrqm/s   wrqm/s     r/s     w/s    rkB/s    wkB/s avgrq-sz avgqu-sz   await r_await w_await  svctm  %util
nvme0n1           0.00     0.00    1.00 1446.00     4.00  5783.50     8.00     0.00    0.04    0.00    0.04   0.59  85.80
sda               0.00     0.00    0.00    0.00     0.00     0.00     0.00     0.00    0.00    0.00    0.00   0.00   0.00
dm-0              0.00     0.00    0.00    0.00     0.00     0.00     0.00     0.00    0.00    0.00    0.00   0.00   0.00
dm-1              0.00     0.00    0.00    0.00     0.00     0.00     0.00     0.00    0.00    0.00    0.00   0.00   0.00
dm-2              0.00     0.00    0.00    0.00     0.00     0.00     0.00     0.00    0.00    0.00    0.00   0.00   0.00
sdb               0.00     0.00  476.00    0.00  1904.00     0.00     8.00    59.00  124.45  124.45    0.00   1.03  49.00
sdc               0.00     0.00  461.00    0.00  1844.00     0.00     8.00    59.52  129.61  129.61    0.00   1.03  47.50
sdd               0.00     0.00  492.00    0.00  1968.00     0.00     8.00    61.52  125.55  125.55    0.00   1.03  50.60
bcache0           0.00     0.00  472.00    0.00  1888.00     0.00     8.00    63.48  134.49  134.49    0.00   1.03  48.60
bcache1           0.00     0.00  457.00    0.00  1828.00     0.00     8.00    63.75  139.49  139.49    0.00   1.03  47.10
bcache2           0.00     0.00  496.00    0.00  1984.00     0.00     8.00    65.88  132.82  132.82    0.00   1.01  50.10

avg-cpu:  %user   %nice %system %iowait  %steal   %idle
           0.06    0.00    0.41   27.09    0.00   72.44

Device:         rrqm/s   wrqm/s     r/s     w/s    rkB/s    wkB/s avgrq-sz avgqu-sz   await r_await w_await  svctm  %util
nvme0n1           0.00     0.00    3.00 1402.00    12.00  6102.00     8.70     0.00    0.04    0.00    0.04   0.60  84.80
sda               0.00     0.00    0.00    4.00     0.00    20.00    10.00     0.00    0.25    0.00    0.25   0.25   0.10
dm-0              0.00     0.00    0.00    4.00     0.00    20.00    10.00     0.00    0.00    0.00    0.00   0.25   0.10
dm-1              0.00     0.00    0.00    0.00     0.00     0.00     0.00     0.00    0.00    0.00    0.00   0.00   0.00
dm-2              0.00     0.00    0.00    0.00     0.00     0.00     0.00     0.00    0.00    0.00    0.00   0.00   0.00
sdb               0.00     0.00  448.00    0.00  1792.00     0.00     8.00    61.16  137.03  137.03    0.00   1.02  45.70
sdc               0.00     0.00  473.00    0.00  1892.00     0.00     8.00    59.73  126.77  126.77    0.00   1.03  48.60
sdd               0.00     0.00  458.00    0.00  1832.00     0.00     8.00    58.33  127.84  127.84    0.00   1.03  47.10
bcache0           0.00     0.00  449.00    0.00  1796.00     0.00     8.00    65.07  144.92  144.92    0.00   1.01  45.40
bcache1           0.00     0.00  472.00    0.00  1888.00     0.00     8.00    63.91  135.41  135.41    0.00   1.03  48.50
bcache2           0.00     0.00  458.00    0.00  1832.00     0.00     8.00    62.43  136.31  136.31    0.00   1.02  46.70

avg-cpu:  %user   %nice %system %iowait  %steal   %idle
           0.03    0.00    0.44   26.84    0.00   72.69

Device:         rrqm/s   wrqm/s     r/s     w/s    rkB/s    wkB/s avgrq-sz avgqu-sz   await r_await w_await  svctm  %util
nvme0n1           0.00     0.00    1.00 1390.00     4.00  5653.00     8.13     0.00    0.04    1.00    0.04   0.60  82.90
sda               0.00     0.00    0.00    0.00     0.00     0.00     0.00     0.00    0.00    0.00    0.00   0.00   0.00
dm-0              0.00     0.00    0.00    0.00     0.00     0.00     0.00     0.00    0.00    0.00    0.00   0.00   0.00
dm-1              0.00     0.00    0.00    0.00     0.00     0.00     0.00     0.00    0.00    0.00    0.00   0.00   0.00
dm-2              0.00     0.00    0.00    0.00     0.00     0.00     0.00     0.00    0.00    0.00    0.00   0.00   0.00
sdb               0.00     0.00  472.00    0.00  1888.00     0.00     8.00    59.31  126.15  126.15    0.00   1.03  48.80
sdc               1.00     0.00  451.00    0.00  1808.00     0.00     8.02    59.71  132.88  132.88    0.00   1.02  46.00
sdd               0.00     0.00  448.00    0.00  1792.00     0.00     8.00    61.47  137.72  137.72    0.00   1.02  45.90
bcache0           0.00     0.00  473.00    0.00  1892.00     0.00     8.00    64.03  135.37  135.37    0.00   1.04  49.00
bcache1           0.00     0.00  458.00    0.00  1832.00     0.00     8.00    64.18  140.14  140.14    0.00   1.00  45.90
bcache2           0.00     0.00  448.00    0.00  1792.00     0.00     8.00    65.63  146.49  146.49    0.00   1.02  45.70

