Linux 5.2.4-1.el7.elrepo.x86_64 (sfx-010) 	08/02/2019 	_x86_64_	(32 CPU)

avg-cpu:  %user   %nice %system %iowait  %steal   %idle
           0.60    0.00    1.90    5.28    0.00   92.22

Device:         rrqm/s   wrqm/s     r/s     w/s    rkB/s    wkB/s avgrq-sz avgqu-sz   await r_await w_await  svctm  %util
nvme0n1           0.00   140.65 66033.39  420.91 264137.24  1730.24     8.00    13.78    0.05    0.05    0.04   0.00  32.32
sda               0.00     0.07    0.09    0.41     2.40     5.23    30.46     0.00    4.90    5.62    4.73   0.49   0.02
dm-0              0.00     0.00    0.08    0.48     2.13     5.50    27.15     0.00    4.77    5.86    4.58   0.42   0.02
dm-1              0.00     0.00    0.00    0.00     0.02     0.00    50.64     0.00   36.88   36.88    0.00   0.56   0.00
dm-2              0.00     0.00    0.01    0.00     0.19     0.03    31.19     0.00    3.65    3.27    6.23   0.59   0.00
sdb               0.01     0.01  122.49    0.08   493.04     0.31     8.05    15.29  125.27  125.24  170.84   1.04  12.73
sdc               0.01     0.01  127.71    2.44   513.94     9.78     8.05    15.93  122.91  125.10    8.13   1.03  13.36
sdd               0.01     0.02  128.57    2.43   517.38     9.73     8.05    16.05  123.00  125.16    8.61   1.02  13.39
bcache0           0.00     0.00    0.00    0.00     0.02     0.00    44.35     0.00    0.34    0.34    0.00   0.23   0.00
bcache1           0.00     0.00    0.00    0.00     0.02     0.00    44.35     0.00    0.28    0.28    0.00   0.22   0.00
bcache2           0.00     0.00    0.00    0.00     0.02     0.00    44.35     0.00    0.72    0.72    0.00   0.27   0.00

avg-cpu:  %user   %nice %system %iowait  %steal   %idle
           0.91    0.00    1.16   13.57    0.00   84.37

Device:         rrqm/s   wrqm/s     r/s     w/s    rkB/s    wkB/s avgrq-sz avgqu-sz   await r_await w_await  svctm  %util
nvme0n1           0.00     0.00    2.00  707.00     8.00  3323.00     9.40     0.00    0.04    0.00    0.04   0.57  40.60
sda               0.00     0.00    0.00    4.00     0.00    16.00     8.00     0.00    0.25    0.00    0.25   0.25   0.10
dm-0              0.00     0.00    0.00    4.00     0.00    16.00     8.00     0.00    0.00    0.00    0.00   0.25   0.10
dm-1              0.00     0.00    0.00    0.00     0.00     0.00     0.00     0.00    0.00    0.00    0.00   0.00   0.00
dm-2              0.00     0.00    0.00    0.00     0.00     0.00     0.00     0.00    0.00    0.00    0.00   0.00   0.00
sdb               0.00     0.00  234.00    0.00   936.00     0.00     8.00    25.60  109.89  109.89    0.00   1.08  25.20
sdc               0.00     0.00  226.00    0.00   904.00     0.00     8.00    25.06  111.43  111.43    0.00   1.07  24.10
sdd               0.00     0.00  234.00    0.00   936.00     0.00     8.00    25.35  108.83  108.83    0.00   1.05  24.50
bcache0           0.00     0.00  300.00    0.00  1200.00     0.00     8.00    27.11   90.37   90.37    0.00   0.82  24.70
bcache1           0.00     0.00  293.00    0.00  1172.00     0.00     8.00    26.55   90.62   90.62    0.00   0.82  23.90
bcache2           0.00     0.00  301.00    0.00  1204.00     0.00     8.00    26.87   89.26   89.26    0.00   0.81  24.40

avg-cpu:  %user   %nice %system %iowait  %steal   %idle
           0.03    0.00    0.47   27.67    0.00   71.83

Device:         rrqm/s   wrqm/s     r/s     w/s    rkB/s    wkB/s avgrq-sz avgqu-sz   await r_await w_await  svctm  %util
nvme0n1           0.00     0.00    0.00 1420.00     0.00  5682.50     8.00     0.00    0.04    0.00    0.04   0.60  85.30
sda               0.00     0.00    0.00    0.00     0.00     0.00     0.00     0.00    0.00    0.00    0.00   0.00   0.00
dm-0              0.00     0.00    0.00    0.00     0.00     0.00     0.00     0.00    0.00    0.00    0.00   0.00   0.00
dm-1              0.00     0.00    0.00    0.00     0.00     0.00     0.00     0.00    0.00    0.00    0.00   0.00   0.00
dm-2              0.00     0.00    0.00    0.00     0.00     0.00     0.00     0.00    0.00    0.00    0.00   0.00   0.00
sdb               0.00     0.00  469.00    0.00  1876.00     0.00     8.00    59.47  127.44  127.44    0.00   1.04  48.60
sdc               1.00     0.00  465.00    0.00  1864.00     0.00     8.02    59.69  128.86  128.86    0.00   1.03  47.90
sdd               0.00     0.00  470.00    0.00  1880.00     0.00     8.00    59.72  127.58  127.58    0.00   1.03  48.20
bcache0           0.00     0.00  464.00    0.00  1856.00     0.00     8.00    63.77  137.43  137.43    0.00   1.04  48.20
bcache1           0.00     0.00  465.00    0.00  1860.00     0.00     8.00    64.16  137.98  137.98    0.00   1.02  47.60
bcache2           0.00     0.00  472.00    0.00  1888.00     0.00     8.00    64.08  135.76  135.76    0.00   1.02  48.20

avg-cpu:  %user   %nice %system %iowait  %steal   %idle
           0.06    0.00    0.41   27.54    0.00   71.99

Device:         rrqm/s   wrqm/s     r/s     w/s    rkB/s    wkB/s avgrq-sz avgqu-sz   await r_await w_await  svctm  %util
nvme0n1           0.00     0.00    1.00 1417.00     4.00  5667.50     8.00     0.00    0.04    1.00    0.04   0.60  85.30
sda               0.00     0.00    0.00    0.00     0.00     0.00     0.00     0.00    0.00    0.00    0.00   0.00   0.00
dm-0              0.00     0.00    0.00    0.00     0.00     0.00     0.00     0.00    0.00    0.00    0.00   0.00   0.00
dm-1              0.00     0.00    0.00    0.00     0.00     0.00     0.00     0.00    0.00    0.00    0.00   0.00   0.00
dm-2              0.00     0.00    0.00    0.00     0.00     0.00     0.00     0.00    0.00    0.00    0.00   0.00   0.00
sdb               0.00     0.00  465.00    0.00  1860.00     0.00     8.00    59.59  128.48  128.48    0.00   1.03  47.90
sdc               0.00     0.00  465.00    0.00  1860.00     0.00     8.00    60.10  129.75  129.75    0.00   1.04  48.20
sdd               0.00     0.00  468.00    0.00  1872.00     0.00     8.00    60.46  129.68  129.68    0.00   1.03  48.30
bcache0           0.00     0.00  472.00    0.00  1888.00     0.00     8.00    63.72  134.99  134.99    0.00   1.01  47.90
bcache1           0.00     0.00  465.00    0.00  1860.00     0.00     8.00    64.20  138.06  138.06    0.00   1.03  48.00
bcache2           0.00     0.00  464.00    0.00  1856.00     0.00     8.00    64.55  139.12  139.12    0.00   1.03  47.70

avg-cpu:  %user   %nice %system %iowait  %steal   %idle
           0.06    0.00    0.53   25.48    0.00   73.93

Device:         rrqm/s   wrqm/s     r/s     w/s    rkB/s    wkB/s avgrq-sz avgqu-sz   await r_await w_await  svctm  %util
nvme0n1           0.00     0.00    3.00 1389.00    12.00  6052.50     8.71     0.00    0.04    0.00    0.04   0.60  84.00
sda               0.00     0.00    0.00    0.00     0.00     0.00     0.00     0.00    0.00    0.00    0.00   0.00   0.00
dm-0              0.00     0.00    0.00    0.00     0.00     0.00     0.00     0.00    0.00    0.00    0.00   0.00   0.00
dm-1              0.00     0.00    0.00    0.00     0.00     0.00     0.00     0.00    0.00    0.00    0.00   0.00   0.00
dm-2              0.00     0.00    0.00    0.00     0.00     0.00     0.00     0.00    0.00    0.00    0.00   0.00   0.00
sdb               0.00     0.00  457.00    0.00  1828.00     0.00     8.00    62.03  136.24  136.24    0.00   1.02  46.50
sdc               0.00     0.00  472.00    0.00  1888.00     0.00     8.00    60.90  129.55  129.55    0.00   1.02  48.10
sdd               0.00     0.00  438.00    0.00  1752.00     0.00     8.00    60.71  139.11  139.11    0.00   1.04  45.70
bcache0           0.00     0.00  457.00    0.00  1828.00     0.00     8.00    66.32  145.13  145.13    0.00   1.02  46.50
bcache1           0.00     0.00  472.00    0.00  1888.00     0.00     8.00    65.32  138.39  138.39    0.00   1.03  48.50
bcache2           0.00     0.00  442.00    0.00  1768.00     0.00     8.00    65.03  147.13  147.13    0.00   1.03  45.50

avg-cpu:  %user   %nice %system %iowait  %steal   %idle
           0.03    0.00    0.50   25.89    0.00   73.57

Device:         rrqm/s   wrqm/s     r/s     w/s    rkB/s    wkB/s avgrq-sz avgqu-sz   await r_await w_await  svctm  %util
nvme0n1           0.00     0.00    1.00 1412.00     4.00  5748.50     8.14     0.00    0.04    0.00    0.04   0.59  83.30
sda               0.00     0.00    0.00    0.00     0.00     0.00     0.00     0.00    0.00    0.00    0.00   0.00   0.00
dm-0              0.00     0.00    0.00    0.00     0.00     0.00     0.00     0.00    0.00    0.00    0.00   0.00   0.00
dm-1              0.00     0.00    0.00    0.00     0.00     0.00     0.00     0.00    0.00    0.00    0.00   0.00   0.00
dm-2              0.00     0.00    0.00    0.00     0.00     0.00     0.00     0.00    0.00    0.00    0.00   0.00   0.00
sdb               0.00     0.00  472.00    0.00  1888.00     0.00     8.00    58.10  123.58  123.58    0.00   1.03  48.80
sdc               1.00     0.00  452.00    0.00  1812.00     0.00     8.02    54.96  122.07  122.07    0.00   1.05  47.30
sdd               0.00     0.00  471.00    0.00  1884.00     0.00     8.00    58.91  125.57  125.57    0.00   1.04  49.00
bcache0           0.00     0.00  472.00    0.00  1888.00     0.00     8.00    62.42  132.24  132.24    0.00   1.03  48.60
bcache1           0.00     0.00  454.00    0.00  1816.00     0.00     8.00    59.04  130.05  130.05    0.00   1.03  46.90
bcache2           0.00     0.00  473.00    0.00  1892.00     0.00     8.00    67.02  141.68  141.68    0.00   1.03  48.90

avg-cpu:  %user   %nice %system %iowait  %steal   %idle
           2.85    0.00    0.63   26.21    0.00   70.31

Device:         rrqm/s   wrqm/s     r/s     w/s    rkB/s    wkB/s avgrq-sz avgqu-sz   await r_await w_await  svctm  %util
nvme0n1           0.00     0.00    2.00 1423.00     8.00  5695.50     8.00     0.00    0.03    0.00    0.03   0.61  86.30
sda               0.00     0.00    0.00    3.00     0.00    20.00    13.33     0.00    0.33    0.00    0.33   0.33   0.10
dm-0              0.00     0.00    0.00    3.00     0.00    20.00    13.33     0.00    0.00    0.00    0.00   0.33   0.10
dm-1              0.00     0.00    0.00    0.00     0.00     0.00     0.00     0.00    0.00    0.00    0.00   0.00   0.00
dm-2              0.00     0.00    0.00    0.00     0.00     0.00     0.00     0.00    0.00    0.00    0.00   0.00   0.00
sdb               0.00     0.00  469.00    0.00  1876.00     0.00     8.00    58.97  126.22  126.22    0.00   1.02  47.70
sdc               0.00     0.00  465.00    0.00  1860.00     0.00     8.00    61.75  133.30  133.30    0.00   1.03  47.80
sdd               0.00     0.00  472.00    0.00  1888.00     0.00     8.00    59.76  127.11  127.11    0.00   1.01  47.90
bcache0           0.00     0.00  464.00    0.00  1856.00     0.00     8.00    63.13  136.06  136.06    0.00   1.03  47.70
bcache1           0.00     0.00  465.00    0.00  1860.00     0.00     8.00    66.11  142.18  142.18    0.00   1.02  47.50
bcache2           0.00     0.00  473.00    0.00  1892.00     0.00     8.00    64.03  135.36  135.36    0.00   1.01  47.70

avg-cpu:  %user   %nice %system %iowait  %steal   %idle
           1.66    0.00    0.66   25.92    0.00   71.76

Device:         rrqm/s   wrqm/s     r/s     w/s    rkB/s    wkB/s avgrq-sz avgqu-sz   await r_await w_await  svctm  %util
nvme0n1           0.00     0.00    5.00 1454.00    20.00  6467.00     8.89     0.00    0.03    0.20    0.03   0.59  85.40
sda               0.00     0.00    0.00    0.00     0.00     0.00     0.00     0.00    0.00    0.00    0.00   0.00   0.00
dm-0              0.00     0.00    0.00    0.00     0.00     0.00     0.00     0.00    0.00    0.00    0.00   0.00   0.00
dm-1              0.00     0.00    0.00    0.00     0.00     0.00     0.00     0.00    0.00    0.00    0.00   0.00   0.00
dm-2              0.00     0.00    0.00    0.00     0.00     0.00     0.00     0.00    0.00    0.00    0.00   0.00   0.00
sdb               0.00     0.00  483.00    0.00  1932.00     0.00     8.00    60.00  124.74  124.74    0.00   1.01  49.00
sdc               0.00     0.00  475.00    0.00  1900.00     0.00     8.00    59.92  126.67  126.67    0.00   1.03  48.90
sdd               0.00     0.00  473.00    0.00  1892.00     0.00     8.00    60.79  129.01  129.01    0.00   1.03  48.60
bcache0           0.00     0.00  491.00    0.00  1964.00     0.00     8.00    64.30  130.95  130.95    0.00   1.00  48.90
bcache1           0.00     0.00  481.00    0.00  1924.00     0.00     8.00    64.05  133.17  133.17    0.00   1.02  48.90
bcache2           0.00     0.00  473.00    0.00  1892.00     0.00     8.00    65.07  137.57  137.57    0.00   1.02  48.10

avg-cpu:  %user   %nice %system %iowait  %steal   %idle
           0.06    0.00    0.78   26.63    0.00   72.52

Device:         rrqm/s   wrqm/s     r/s     w/s    rkB/s    wkB/s avgrq-sz avgqu-sz   await r_await w_await  svctm  %util
nvme0n1           0.00     0.00    5.00 1435.00    20.00  5930.00     8.26     0.00    0.04    0.20    0.04   0.58  84.20
sda               0.00     0.00    0.00    0.00     0.00     0.00     0.00     0.00    0.00    0.00    0.00   0.00   0.00
dm-0              0.00     0.00    0.00    0.00     0.00     0.00     0.00     0.00    0.00    0.00    0.00   0.00   0.00
dm-1              0.00     0.00    0.00    0.00     0.00     0.00     0.00     0.00    0.00    0.00    0.00   0.00   0.00
dm-2              0.00     0.00    0.00    0.00     0.00     0.00     0.00     0.00    0.00    0.00    0.00   0.00   0.00
sdb               0.00     0.00  456.00    0.00  1824.00     0.00     8.00    59.41  130.78  130.78    0.00   1.04  47.30
sdc               0.00     0.00  481.00    0.00  1924.00     0.00     8.00    60.39  126.04  126.04    0.00   1.04  50.00
sdd               0.00     0.00  479.00    0.00  1916.00     0.00     8.00    60.14  126.06  126.06    0.00   1.04  49.90
bcache0           0.00     0.00  450.00    0.00  1800.00     0.00     8.00    64.07  142.38  142.38    0.00   1.04  47.00
bcache1           0.00     0.00  481.00    0.00  1924.00     0.00     8.00    64.81  134.74  134.74    0.00   1.03  49.70
bcache2           0.00     0.00  483.00    0.00  1932.00     0.00     8.00    64.31  133.16  133.16    0.00   1.03  49.70

avg-cpu:  %user   %nice %system %iowait  %steal   %idle
           0.06    0.00    0.69   25.51    0.00   73.74

Device:         rrqm/s   wrqm/s     r/s     w/s    rkB/s    wkB/s avgrq-sz avgqu-sz   await r_await w_await  svctm  %util
nvme0n1           0.00     0.00    3.00 1451.00    12.00  6300.00     8.68     0.00    0.04    0.33    0.04   0.59  85.90
sda               0.00     0.00    0.00    0.00     0.00     0.00     0.00     0.00    0.00    0.00    0.00   0.00   0.00
dm-0              0.00     0.00    0.00    0.00     0.00     0.00     0.00     0.00    0.00    0.00    0.00   0.00   0.00
dm-1              0.00     0.00    0.00    0.00     0.00     0.00     0.00     0.00    0.00    0.00    0.00   0.00   0.00
dm-2              0.00     0.00    0.00    0.00     0.00     0.00     0.00     0.00    0.00    0.00    0.00   0.00   0.00
sdb               0.00     0.00  481.00    0.00  1924.00     0.00     8.00    60.38  126.02  126.02    0.00   1.02  49.30
sdc               0.00     0.00  461.00    0.00  1844.00     0.00     8.00    58.52  127.45  127.45    0.00   1.03  47.40
sdd               0.00     0.00  486.00    0.00  1944.00     0.00     8.00    60.17  124.34  124.34    0.00   1.03  50.10
bcache0           0.00     0.00  489.00    0.00  1956.00     0.00     8.00    64.96  132.84  132.84    0.00   1.01  49.30
bcache1           0.00     0.00  456.00    0.00  1824.00     0.00     8.00    62.53  137.14  137.14    0.00   1.05  47.70
bcache2           0.00     0.00  482.00    0.00  1928.00     0.00     8.00    64.52  133.87  133.87    0.00   1.03  49.80

avg-cpu:  %user   %nice %system %iowait  %steal   %idle
           0.06    0.00    0.66   27.17    0.00   72.11

Device:         rrqm/s   wrqm/s     r/s     w/s    rkB/s    wkB/s avgrq-sz avgqu-sz   await r_await w_await  svctm  %util
nvme0n1           0.00     0.00    8.00 1436.00    32.00  5744.50     8.00     0.00    0.04    0.12    0.04   0.60  86.60
sda               0.00    28.00    0.00  113.00     0.00  1324.00    23.43     0.76    7.19    0.00    7.19   0.20   2.30
dm-0              0.00     0.00    0.00  141.00     0.00  1336.00    18.95     1.04    7.38    0.00    7.38   0.16   2.30
dm-1              0.00     0.00    0.00    0.00     0.00     0.00     0.00     0.00    0.00    0.00    0.00   0.00   0.00
dm-2              0.00     0.00    0.00    0.00     0.00     0.00     0.00     0.00    0.00    0.00    0.00   0.00   0.00
sdb               0.00     0.00  483.00    0.00  1932.00     0.00     8.00    60.81  126.40  126.40    0.00   1.02  49.30
sdc               0.00     0.00  465.00    0.00  1860.00     0.00     8.00    61.10  131.90  131.90    0.00   1.03  47.90
sdd               0.00     0.00  470.00    0.00  1880.00     0.00     8.00    59.88  127.91  127.91    0.00   1.04  48.80
bcache0           0.00     0.00  484.00    0.00  1936.00     0.00     8.00    64.97  134.24  134.24    0.00   1.02  49.20
bcache1           0.00     0.00  475.00    0.00  1900.00     0.00     8.00    65.41  137.71  137.71    0.00   1.00  47.50
bcache2           0.00     0.00  473.00    0.00  1892.00     0.00     8.00    63.90  135.10  135.10    0.00   1.03  48.60

