Linux 5.2.4-1.el7.elrepo.x86_64 (sfx-010) 	08/02/2019 	_x86_64_	(32 CPU)

avg-cpu:  %user   %nice %system %iowait  %steal   %idle
           0.40    0.00    1.27    5.78    0.00   92.55

Device:         rrqm/s   wrqm/s     r/s     w/s    rkB/s    wkB/s avgrq-sz avgqu-sz   await r_await w_await  svctm  %util
nvme0n1           0.00    81.18 43022.85  448.90 172093.56  1870.53     8.00    19.25    0.76    0.76    0.04   0.01  30.61
sda               0.00     0.05    0.13    0.33     3.25     4.77    35.50     0.00    5.21    5.62    5.05   0.52   0.02
dm-0              0.00     0.00    0.11    0.37     2.88     4.97    32.59     0.00    5.10    5.86    4.88   0.46   0.02
dm-1              0.00     0.00    0.00    0.00     0.02     0.00    50.64     0.00   36.88   36.88    0.00   0.56   0.00
dm-2              0.00     0.00    0.02    0.00     0.26     0.04    31.38     0.00    3.65    3.27    6.41   0.59   0.00
sdb               0.01     0.00  134.49    0.10   539.78     0.40     8.03    16.80  125.32  125.28  174.72   1.04  14.00
sdc               0.01     0.01  141.57    3.30   568.13    13.22     8.03    17.67  122.49  125.15    8.12   1.03  14.85
sdd               0.01     0.01  142.88    3.28   573.37    13.14     8.03    17.84  122.56  125.18    8.60   1.02  14.88
bcache0           0.00     0.00    0.00    0.00     0.02     0.00    44.35     0.00    0.38    0.38    0.00   0.23   0.00
bcache1           0.00     0.00    0.00    0.00     0.02     0.00    44.35     0.00    0.34    0.34    0.00   0.26   0.00
bcache2           0.00     0.00    0.00    0.00     0.02     0.00    44.35     0.00    0.26    0.26    0.00   0.20   0.00

avg-cpu:  %user   %nice %system %iowait  %steal   %idle
           0.85    0.00    1.13    4.41    0.00   93.61

Device:         rrqm/s   wrqm/s     r/s     w/s    rkB/s    wkB/s avgrq-sz avgqu-sz   await r_await w_await  svctm  %util
nvme0n1           0.00     0.00    1.00  859.00     4.00  3931.50     9.15     0.00    0.02    0.00    0.02   0.55  47.40
sda               0.00     0.00    0.00    0.00     0.00     0.00     0.00     0.00    0.00    0.00    0.00   0.00   0.00
dm-0              0.00     0.00    0.00    0.00     0.00     0.00     0.00     0.00    0.00    0.00    0.00   0.00   0.00
dm-1              0.00     0.00    0.00    0.00     0.00     0.00     0.00     0.00    0.00    0.00    0.00   0.00   0.00
dm-2              0.00     0.00    0.00    0.00     0.00     0.00     0.00     0.00    0.00    0.00    0.00   0.00   0.00
sdb               0.00     0.00  287.00    0.00  1148.00     0.00     8.00    26.36   92.32   92.32    0.00   1.03  29.70
sdc               0.00     0.00  281.00    0.00  1124.00     0.00     8.00    25.99   93.00   93.00    0.00   1.05  29.40
sdd               0.00     0.00  277.00    0.00  1108.00     0.00     8.00    25.20   91.47   91.47    0.00   1.05  29.10
bcache0           0.00     0.00  349.00    0.00  1396.00     0.00     8.00    27.98   80.18   80.18    0.00   0.85  29.70
bcache1           0.00     0.00  349.00    0.00  1396.00     0.00     8.00    27.65   79.23   79.23    0.00   0.85  29.50
bcache2           0.00     0.00  340.00    0.00  1360.00     0.00     8.00    26.60   78.24   78.24    0.00   0.85  29.00

avg-cpu:  %user   %nice %system %iowait  %steal   %idle
           0.06    0.00    0.31    7.76    0.00   91.86

Device:         rrqm/s   wrqm/s     r/s     w/s    rkB/s    wkB/s avgrq-sz avgqu-sz   await r_await w_await  svctm  %util
nvme0n1           0.00     0.00    0.00 1686.00     0.00  6748.00     8.00     0.00    0.01    0.00    0.01   0.54  91.30
sda               0.00     0.00    0.00    0.00     0.00     0.00     0.00     0.00    0.00    0.00    0.00   0.00   0.00
dm-0              0.00     0.00    0.00    0.00     0.00     0.00     0.00     0.00    0.00    0.00    0.00   0.00   0.00
dm-1              0.00     0.00    0.00    0.00     0.00     0.00     0.00     0.00    0.00    0.00    0.00   0.00   0.00
dm-2              0.00     0.00    0.00    0.00     0.00     0.00     0.00     0.00    0.00    0.00    0.00   0.00   0.00
sdb               0.00     0.00  557.00    0.00  2228.00     0.00     8.00    59.73  107.73  107.73    0.00   1.04  57.70
sdc               1.00     0.00  553.00    0.00  2216.00     0.00     8.01    61.01  110.82  110.82    0.00   1.01  55.80
sdd               0.00     0.00  554.00    0.00  2216.00     0.00     8.00    61.59  111.68  111.68    0.00   1.02  56.60
bcache0           0.00     0.00  560.00    0.00  2240.00     0.00     8.00    63.92  114.14  114.14    0.00   1.02  57.40
bcache1           0.00     0.00  553.00    0.00  2212.00     0.00     8.00    65.32  118.11  118.11    0.00   1.01  55.90
bcache2           0.00     0.00  553.00    0.00  2212.00     0.00     8.00    66.06  119.45  119.45    0.00   1.02  56.20

avg-cpu:  %user   %nice %system %iowait  %steal   %idle
           0.06    0.00    0.28    8.42    0.00   91.23

Device:         rrqm/s   wrqm/s     r/s     w/s    rkB/s    wkB/s avgrq-sz avgqu-sz   await r_await w_await  svctm  %util
nvme0n1           0.00     0.00    5.00 1651.00    20.00  6602.50     8.00     0.00    0.01    0.20    0.01   0.55  90.40
sda               0.00     0.00    0.00    0.00     0.00     0.00     0.00     0.00    0.00    0.00    0.00   0.00   0.00
dm-0              0.00     0.00    0.00    0.00     0.00     0.00     0.00     0.00    0.00    0.00    0.00   0.00   0.00
dm-1              0.00     0.00    0.00    0.00     0.00     0.00     0.00     0.00    0.00    0.00    0.00   0.00   0.00
dm-2              0.00     0.00    0.00    0.00     0.00     0.00     0.00     0.00    0.00    0.00    0.00   0.00   0.00
sdb               0.00     0.00  542.00    0.00  2168.00     0.00     8.00    59.99  111.18  111.18    0.00   1.02  55.50
sdc               0.00     0.00  526.00    0.00  2104.00     0.00     8.00    59.25  113.12  113.12    0.00   1.02  53.90
sdd               0.00     0.00  564.00    0.00  2256.00     0.00     8.00    59.82  106.57  106.57    0.00   1.03  58.00
bcache0           0.00     0.00  545.00    0.00  2180.00     0.00     8.00    64.26  117.91  117.91    0.00   1.01  55.30
bcache1           0.00     0.00  530.00    0.00  2120.00     0.00     8.00    63.36  119.55  119.55    0.00   1.02  54.00
bcache2           0.00     0.00  569.00    0.00  2276.00     0.00     8.00    64.31  113.02  113.02    0.00   1.02  57.80

avg-cpu:  %user   %nice %system %iowait  %steal   %idle
           0.06    0.00    0.38   11.77    0.00   87.79

Device:         rrqm/s   wrqm/s     r/s     w/s    rkB/s    wkB/s avgrq-sz avgqu-sz   await r_await w_await  svctm  %util
nvme0n1           0.00     0.00    3.00 1699.00    12.00  7385.50     8.69     0.00    0.02    0.33    0.01   0.53  91.00
sda               0.00     0.00    0.00    0.00     0.00     0.00     0.00     0.00    0.00    0.00    0.00   0.00   0.00
dm-0              0.00     0.00    0.00    0.00     0.00     0.00     0.00     0.00    0.00    0.00    0.00   0.00   0.00
dm-1              0.00     0.00    0.00    0.00     0.00     0.00     0.00     0.00    0.00    0.00    0.00   0.00   0.00
dm-2              0.00     0.00    0.00    0.00     0.00     0.00     0.00     0.00    0.00    0.00    0.00   0.00   0.00
sdb               0.00     0.00  560.00    0.00  2240.00     0.00     8.00    60.01  107.66  107.66    0.00   1.01  56.40
sdc               0.00     0.00  547.00    0.00  2188.00     0.00     8.00    60.56  111.20  111.20    0.00   1.02  55.60
sdd               0.00     0.00  566.00    0.00  2264.00     0.00     8.00    59.90  106.34  106.34    0.00   1.03  58.10
bcache0           0.00     0.00  560.00    0.00  2240.00     0.00     8.00    64.65  115.44  115.44    0.00   1.01  56.40
bcache1           0.00     0.00  545.00    0.00  2180.00     0.00     8.00    65.00  119.26  119.26    0.00   1.03  56.00
bcache2           0.00     0.00  570.00    0.00  2280.00     0.00     8.00    63.90  112.11  112.11    0.00   1.01  57.80

avg-cpu:  %user   %nice %system %iowait  %steal   %idle
           0.06    0.00    0.38   14.04    0.00   85.53

Device:         rrqm/s   wrqm/s     r/s     w/s    rkB/s    wkB/s avgrq-sz avgqu-sz   await r_await w_await  svctm  %util
nvme0n1           0.00     0.00    6.00 1693.00    24.00  6776.00     8.00     0.00    0.02    0.17    0.02   0.54  91.10
sda               0.00     0.00    0.00    2.00     0.00     8.00     8.00     0.00    0.50    0.00    0.50   0.50   0.10
dm-0              0.00     0.00    0.00    2.00     0.00     8.00     8.00     0.00    0.00    0.00    0.00   0.50   0.10
dm-1              0.00     0.00    0.00    0.00     0.00     0.00     0.00     0.00    0.00    0.00    0.00   0.00   0.00
dm-2              0.00     0.00    0.00    0.00     0.00     0.00     0.00     0.00    0.00    0.00    0.00   0.00   0.00
sdb               0.00     0.00  562.00    0.00  2248.00     0.00     8.00    60.56  108.26  108.26    0.00   1.02  57.40
sdc               0.00     0.00  549.00    0.00  2196.00     0.00     8.00    59.73  109.29  109.29    0.00   1.02  55.90
sdd               0.00     0.00  561.00    0.00  2244.00     0.00     8.00    59.82  107.13  107.13    0.00   1.04  58.10
bcache0           0.00     0.00  561.00    0.00  2244.00     0.00     8.00    64.65  115.24  115.24    0.00   1.02  57.10
bcache1           0.00     0.00  555.00    0.00  2220.00     0.00     8.00    63.88  115.11  115.11    0.00   1.01  56.00
bcache2           0.00     0.00  562.00    0.00  2248.00     0.00     8.00    64.25  114.33  114.33    0.00   1.03  58.10

avg-cpu:  %user   %nice %system %iowait  %steal   %idle
           2.94    0.00    0.59   13.31    0.00   83.16

Device:         rrqm/s   wrqm/s     r/s     w/s    rkB/s    wkB/s avgrq-sz avgqu-sz   await r_await w_await  svctm  %util
nvme0n1           0.00     0.00   11.00 1700.00    44.00  7454.50     8.77     0.00    0.02    0.18    0.02   0.54  92.30
sda               0.00     0.00    0.00    0.00     0.00     0.00     0.00     0.00    0.00    0.00    0.00   0.00   0.00
dm-0              0.00     0.00    0.00    0.00     0.00     0.00     0.00     0.00    0.00    0.00    0.00   0.00   0.00
dm-1              0.00     0.00    0.00    0.00     0.00     0.00     0.00     0.00    0.00    0.00    0.00   0.00   0.00
dm-2              0.00     0.00    0.00    0.00     0.00     0.00     0.00     0.00    0.00    0.00    0.00   0.00   0.00
sdb               0.00     0.00  554.00    0.00  2216.00     0.00     8.00    59.86  108.54  108.54    0.00   1.02  56.30
sdc               0.00     0.00  570.00    0.00  2280.00     0.00     8.00    61.34  108.11  108.11    0.00   1.01  57.60
sdd               1.00     0.00  552.00    0.00  2212.00     0.00     8.01    60.05  109.28  109.28    0.00   1.01  55.70
bcache0           0.00     0.00  555.00    0.00  2220.00     0.00     8.00    63.98  115.28  115.28    0.00   1.01  56.30
bcache1           0.00     0.00  570.00    0.00  2280.00     0.00     8.00    65.78  115.41  115.41    0.00   1.01  57.60
bcache2           0.00     0.00  559.00    0.00  2236.00     0.00     8.00    64.30  115.03  115.03    0.00   0.99  55.50

