Linux 5.2.4-1.el7.elrepo.x86_64 (sfx-010) 	08/02/2019 	_x86_64_	(32 CPU)

avg-cpu:  %user   %nice %system %iowait  %steal   %idle
           0.60    0.00    1.90    5.28    0.00   92.21

Device:         rrqm/s   wrqm/s     r/s     w/s    rkB/s    wkB/s avgrq-sz avgqu-sz   await r_await w_await  svctm  %util
nvme0n1           0.00   136.06 66106.32  420.04 264428.85  1728.23     8.00    13.79    0.05    0.05    0.04   0.00  32.34
sda               0.00     0.07    0.09    0.40     2.41     5.18    30.57     0.00    4.90    5.62    4.73   0.49   0.02
dm-0              0.00     0.00    0.08    0.47     2.13     5.44    27.35     0.00    4.78    5.86    4.60   0.42   0.02
dm-1              0.00     0.00    0.00    0.00     0.02     0.00    50.64     0.00   36.88   36.88    0.00   0.56   0.00
dm-2              0.00     0.00    0.01    0.00     0.19     0.03    31.19     0.00    3.65    3.27    6.23   0.59   0.00
sdb               0.01     0.01  122.55    0.08   493.19     0.31     8.05    15.30  125.27  125.24  171.08   1.04  12.73
sdc               0.01     0.01  127.78    2.44   514.11     9.79     8.05    15.94  122.91  125.11    8.13   1.03  13.37
sdd               0.01     0.02  128.64    2.43   517.56     9.74     8.05    16.06  123.00  125.16    8.61   1.02  13.39
bcache0           0.00     0.00    0.00    0.00     0.02     0.00    44.35     0.00    0.23    0.23    0.00   0.21   0.00
bcache1           0.00     0.00    0.00    0.00     0.02     0.00    44.35     0.00    0.49    0.49    0.00   0.27   0.00
bcache2           0.00     0.00    0.00    0.00     0.02     0.00    44.35     0.00    0.20    0.20    0.00   0.19   0.00

avg-cpu:  %user   %nice %system %iowait  %steal   %idle
           0.81    0.00    1.35   14.75    0.00   83.09

Device:         rrqm/s   wrqm/s     r/s     w/s    rkB/s    wkB/s avgrq-sz avgqu-sz   await r_await w_await  svctm  %util
nvme0n1           0.00     0.00    1.00  718.00     4.00  3366.50     9.38     0.00    0.04    0.00    0.04   0.58  41.90
sda               0.00     0.00    0.00    0.00     0.00     0.00     0.00     0.00    0.00    0.00    0.00   0.00   0.00
dm-0              0.00     0.00    0.00    0.00     0.00     0.00     0.00     0.00    0.00    0.00    0.00   0.00   0.00
dm-1              0.00     0.00    0.00    0.00     0.00     0.00     0.00     0.00    0.00    0.00    0.00   0.00   0.00
dm-2              0.00     0.00    0.00    0.00     0.00     0.00     0.00     0.00    0.00    0.00    0.00   0.00   0.00
sdb               0.00     0.00  236.00    0.00   944.00     0.00     8.00    25.25  107.50  107.50    0.00   1.06  25.10
sdc               0.00     0.00  243.00    0.00   972.00     0.00     8.00    25.60  105.84  105.84    0.00   1.07  26.10
sdd               0.00     0.00  225.00    0.00   900.00     0.00     8.00    24.30  108.48  108.48    0.00   1.06  23.80
bcache0           0.00     0.00  300.00    0.00  1200.00     0.00     8.00    26.81   89.36   89.36    0.00   0.83  25.00
bcache1           0.00     0.00  308.00    0.00  1232.00     0.00     8.00    27.20   88.31   88.31    0.00   0.83  25.70
bcache2           0.00     0.00  293.00    0.00  1172.00     0.00     8.00    25.74   87.84   87.84    0.00   0.81  23.70

avg-cpu:  %user   %nice %system %iowait  %steal   %idle
           0.06    0.00    0.44   28.68    0.00   70.82

Device:         rrqm/s   wrqm/s     r/s     w/s    rkB/s    wkB/s avgrq-sz avgqu-sz   await r_await w_await  svctm  %util
nvme0n1           0.00     0.00    1.00 1432.00     4.00  5732.50     8.01     0.00    0.04    0.00    0.04   0.60  86.00
sda               0.00     0.00    0.00    0.00     0.00     0.00     0.00     0.00    0.00    0.00    0.00   0.00   0.00
dm-0              0.00     0.00    0.00    0.00     0.00     0.00     0.00     0.00    0.00    0.00    0.00   0.00   0.00
dm-1              0.00     0.00    0.00    0.00     0.00     0.00     0.00     0.00    0.00    0.00    0.00   0.00   0.00
dm-2              0.00     0.00    0.00    0.00     0.00     0.00     0.00     0.00    0.00    0.00    0.00   0.00   0.00
sdb               0.00     0.00  472.00    0.00  1888.00     0.00     8.00    59.98  127.59  127.59    0.00   1.03  48.50
sdc               0.00     0.00  458.00    0.00  1832.00     0.00     8.00    59.08  129.50  129.50    0.00   1.04  47.50
sdd               0.00     0.00  486.00    0.00  1944.00     0.00     8.00    61.58  127.21  127.21    0.00   1.03  50.20
bcache0           0.00     0.00  472.00    0.00  1888.00     0.00     8.00    64.29  136.20  136.20    0.00   1.03  48.60
bcache1           0.00     0.00  457.00    0.00  1828.00     0.00     8.00    63.30  138.50  138.50    0.00   1.03  47.10
bcache2           0.00     0.00  480.00    0.00  1920.00     0.00     8.00    65.94  137.36  137.36    0.00   1.03  49.60

avg-cpu:  %user   %nice %system %iowait  %steal   %idle
           0.03    0.00    0.44   22.92    0.00   76.61

Device:         rrqm/s   wrqm/s     r/s     w/s    rkB/s    wkB/s avgrq-sz avgqu-sz   await r_await w_await  svctm  %util
nvme0n1           0.00     0.00    2.00 1440.00     8.00  5759.50     8.00     0.00    0.04    0.00    0.04   0.60  87.10
sda               0.00     0.00    0.00    3.00     0.00    12.00     8.00     0.00    0.00    0.00    0.00   0.33   0.10
dm-0              0.00     0.00    0.00    3.00     0.00    12.00     8.00     0.00    0.00    0.00    0.00   0.33   0.10
dm-1              0.00     0.00    0.00    0.00     0.00     0.00     0.00     0.00    0.00    0.00    0.00   0.00   0.00
dm-2              0.00     0.00    0.00    0.00     0.00     0.00     0.00     0.00    0.00    0.00    0.00   0.00   0.00
sdb               0.00     0.00  478.00    0.00  1912.00     0.00     8.00    59.47  124.92  124.92    0.00   1.03  49.40
sdc               0.00     0.00  472.00    0.00  1888.00     0.00     8.00    60.87  129.43  129.43    0.00   1.03  48.50
sdd               0.00     0.00  473.00    0.00  1892.00     0.00     8.00    57.41  121.89  121.89    0.00   1.02  48.10
bcache0           0.00     0.00  480.00    0.00  1920.00     0.00     8.00    63.69  132.70  132.70    0.00   1.03  49.40
bcache1           0.00     0.00  474.00    0.00  1896.00     0.00     8.00    65.14  137.43  137.43    0.00   1.01  48.10
bcache2           0.00     0.00  480.00    0.00  1920.00     0.00     8.00    61.79  128.74  128.74    0.00   1.00  48.00

avg-cpu:  %user   %nice %system %iowait  %steal   %idle
           0.06    0.00    0.50   25.29    0.00   74.14

Device:         rrqm/s   wrqm/s     r/s     w/s    rkB/s    wkB/s avgrq-sz avgqu-sz   await r_await w_await  svctm  %util
nvme0n1           0.00     0.00    4.00 1451.00    16.00  6300.00     8.68     0.00    0.04    0.25    0.04   0.58  84.70
sda               0.00     0.00    0.00    0.00     0.00     0.00     0.00     0.00    0.00    0.00    0.00   0.00   0.00
dm-0              0.00     0.00    0.00    0.00     0.00     0.00     0.00     0.00    0.00    0.00    0.00   0.00   0.00
dm-1              0.00     0.00    0.00    0.00     0.00     0.00     0.00     0.00    0.00    0.00    0.00   0.00   0.00
dm-2              0.00     0.00    0.00    0.00     0.00     0.00     0.00     0.00    0.00    0.00    0.00   0.00   0.00
sdb               0.00     0.00  481.00    0.00  1924.00     0.00     8.00    60.34  125.96  125.96    0.00   1.02  49.10
sdc               0.00     0.00  468.00    0.00  1872.00     0.00     8.00    60.11  128.91  128.91    0.00   1.03  48.30
sdd               0.00     0.00  479.00    0.00  1916.00     0.00     8.00    62.91  131.84  131.84    0.00   1.03  49.10
bcache0           0.00     0.00  481.00    0.00  1924.00     0.00     8.00    64.56  134.22  134.22    0.00   1.02  49.10
bcache1           0.00     0.00  473.00    0.00  1892.00     0.00     8.00    64.40  136.16  136.16    0.00   1.01  47.80
bcache2           0.00     0.00  474.00    0.00  1896.00     0.00     8.00    67.09  141.54  141.54    0.00   1.04  49.20

avg-cpu:  %user   %nice %system %iowait  %steal   %idle
           0.03    0.00    0.44   23.99    0.00   75.54

Device:         rrqm/s   wrqm/s     r/s     w/s    rkB/s    wkB/s avgrq-sz avgqu-sz   await r_await w_await  svctm  %util
nvme0n1           0.00     0.00    1.00 1435.00     4.00  5835.50     8.13     0.00    0.04    0.00    0.04   0.60  86.70
sda               0.00     0.00    0.00    0.00     0.00     0.00     0.00     0.00    0.00    0.00    0.00   0.00   0.00
dm-0              0.00     0.00    0.00    0.00     0.00     0.00     0.00     0.00    0.00    0.00    0.00   0.00   0.00
dm-1              0.00     0.00    0.00    0.00     0.00     0.00     0.00     0.00    0.00    0.00    0.00   0.00   0.00
dm-2              0.00     0.00    0.00    0.00     0.00     0.00     0.00     0.00    0.00    0.00    0.00   0.00   0.00
sdb               0.00     0.00  480.00    0.00  1920.00     0.00     8.00    60.87  127.28  127.28    0.00   1.02  48.80
sdc               0.00     0.00  465.00    0.00  1860.00     0.00     8.00    60.85  131.36  131.36    0.00   1.03  47.70
sdd               0.00     0.00  473.00    0.00  1892.00     0.00     8.00    59.53  126.35  126.35    0.00   1.03  48.80
bcache0           0.00     0.00  480.00    0.00  1920.00     0.00     8.00    65.20  135.83  135.83    0.00   1.01  48.50
bcache1           0.00     0.00  464.00    0.00  1856.00     0.00     8.00    64.97  140.03  140.03    0.00   1.02  47.30
bcache2           0.00     0.00  481.00    0.00  1924.00     0.00     8.00    63.70  132.44  132.44    0.00   1.01  48.70

