Linux 5.2.4-1.el7.elrepo.x86_64 (sfx-010) 	08/02/2019 	_x86_64_	(32 CPU)

avg-cpu:  %user   %nice %system %iowait  %steal   %idle
           0.60    0.00    1.90    5.28    0.00   92.22

Device:         rrqm/s   wrqm/s     r/s     w/s    rkB/s    wkB/s avgrq-sz avgqu-sz   await r_await w_await  svctm  %util
nvme0n1           0.00   143.71 65983.52  421.50 263937.84  1731.60     8.00    13.77    0.05    0.05    0.04   0.00  32.31
sda               0.00     0.08    0.09    0.41     2.40     5.28    30.41     0.00    4.90    5.62    4.73   0.48   0.02
dm-0              0.00     0.00    0.08    0.49     2.13     5.55    27.04     0.00    4.76    5.86    4.58   0.42   0.02
dm-1              0.00     0.00    0.00    0.00     0.02     0.00    50.64     0.00   36.88   36.88    0.00   0.56   0.00
dm-2              0.00     0.00    0.01    0.00     0.19     0.03    31.19     0.00    3.65    3.27    6.23   0.59   0.00
sdb               0.01     0.01  122.45    0.08   492.95     0.31     8.05    15.29  125.26  125.24  170.67   1.04  12.72
sdc               0.01     0.01  127.67    2.44   513.84     9.78     8.05    15.93  122.91  125.10    8.13   1.03  13.35
sdd               0.01     0.02  128.53    2.42   517.28     9.72     8.05    16.04  123.00  125.16    8.61   1.02  13.38
bcache0           0.00     0.00    0.00    0.00     0.02     0.00    44.35     0.00    0.24    0.24    0.00   0.22   0.00
bcache1           0.00     0.00    0.00    0.00     0.02     0.00    44.35     0.00    0.54    0.54    0.00   0.28   0.00
bcache2           0.00     0.00    0.00    0.00     0.02     0.00    44.35     0.00    0.27    0.27    0.00   0.19   0.00

avg-cpu:  %user   %nice %system %iowait  %steal   %idle
           0.81    0.00    1.31    4.00    0.00   93.87

Device:         rrqm/s   wrqm/s     r/s     w/s    rkB/s    wkB/s avgrq-sz avgqu-sz   await r_await w_await  svctm  %util
nvme0n1           0.00     0.00    0.00  693.00     0.00  3266.50     9.43     0.00    0.03    0.00    0.03   0.59  40.60
sda               0.00     0.00    0.00    0.00     0.00     0.00     0.00     0.00    0.00    0.00    0.00   0.00   0.00
dm-0              0.00     0.00    0.00    0.00     0.00     0.00     0.00     0.00    0.00    0.00    0.00   0.00   0.00
dm-1              0.00     0.00    0.00    0.00     0.00     0.00     0.00     0.00    0.00    0.00    0.00   0.00   0.00
dm-2              0.00     0.00    0.00    0.00     0.00     0.00     0.00     0.00    0.00    0.00    0.00   0.00   0.00
sdb               0.00     0.00  232.00    0.00   928.00     0.00     8.00    24.66  106.77  106.77    0.00   1.06  24.50
sdc               0.00     0.00  234.00    0.00   936.00     0.00     8.00    24.82  106.56  106.56    0.00   1.08  25.30
sdd               0.00     0.00  214.00    0.00   856.00     0.00     8.00    23.49  110.27  110.27    0.00   1.10  23.50
bcache0           0.00     0.00  300.00    0.00  1200.00     0.00     8.00    26.08   86.93   86.93    0.00   0.81  24.30
bcache1           0.00     0.00  300.00    0.00  1200.00     0.00     8.00    26.36   87.85   87.85    0.00   0.83  24.80
bcache2           0.00     0.00  276.00    0.00  1104.00     0.00     8.00    24.74   89.64   89.64    0.00   0.85  23.40

avg-cpu:  %user   %nice %system %iowait  %steal   %idle
           0.03    0.00    0.38    8.50    0.00   91.09

Device:         rrqm/s   wrqm/s     r/s     w/s    rkB/s    wkB/s avgrq-sz avgqu-sz   await r_await w_await  svctm  %util
nvme0n1           0.00     0.00    1.00 1410.00     4.00  5642.50     8.00     0.00    0.03    2.00    0.02   0.60  84.50
sda               0.00     0.00    0.00    0.00     0.00     0.00     0.00     0.00    0.00    0.00    0.00   0.00   0.00
dm-0              0.00     0.00    0.00    0.00     0.00     0.00     0.00     0.00    0.00    0.00    0.00   0.00   0.00
dm-1              0.00     0.00    0.00    0.00     0.00     0.00     0.00     0.00    0.00    0.00    0.00   0.00   0.00
dm-2              0.00     0.00    0.00    0.00     0.00     0.00     0.00     0.00    0.00    0.00    0.00   0.00   0.00
sdb               0.00     0.00  463.00    0.00  1852.00     0.00     8.00    60.27  130.67  130.67    0.00   1.03  47.70
sdc               0.00     0.00  467.00    0.00  1868.00     0.00     8.00    58.68  126.15  126.15    0.00   1.03  48.00
sdd               0.00     0.00  463.00    0.00  1852.00     0.00     8.00    61.15  132.56  132.56    0.00   1.04  48.00
bcache0           0.00     0.00  456.00    0.00  1824.00     0.00     8.00    64.58  141.62  141.62    0.00   1.04  47.50
bcache1           0.00     0.00  465.00    0.00  1860.00     0.00     8.00    62.90  135.28  135.28    0.00   1.03  48.00
bcache2           0.00     0.00  464.00    0.00  1856.00     0.00     8.00    65.54  141.25  141.25    0.00   1.03  47.60

avg-cpu:  %user   %nice %system %iowait  %steal   %idle
           0.06    0.00    0.44    7.17    0.00   92.33

Device:         rrqm/s   wrqm/s     r/s     w/s    rkB/s    wkB/s avgrq-sz avgqu-sz   await r_await w_await  svctm  %util
nvme0n1           0.00     0.00    0.00 1420.00     0.00  5680.50     8.00     0.00    0.02    0.00    0.02   0.59  84.20
sda               0.00     0.00    0.00    0.00     0.00     0.00     0.00     0.00    0.00    0.00    0.00   0.00   0.00
dm-0              0.00     0.00    0.00    0.00     0.00     0.00     0.00     0.00    0.00    0.00    0.00   0.00   0.00
dm-1              0.00     0.00    0.00    0.00     0.00     0.00     0.00     0.00    0.00    0.00    0.00   0.00   0.00
dm-2              0.00     0.00    0.00    0.00     0.00     0.00     0.00     0.00    0.00    0.00    0.00   0.00   0.00
sdb               0.00     0.00  482.00    0.00  1928.00     0.00     8.00    60.20  125.40  125.40    0.00   1.03  49.50
sdc               0.00     0.00  461.00    0.00  1844.00     0.00     8.00    60.53  131.80  131.80    0.00   1.03  47.50
sdd               0.00     0.00  460.00    0.00  1840.00     0.00     8.00    60.45  131.92  131.92    0.00   1.01  46.50
bcache0           0.00     0.00  488.00    0.00  1952.00     0.00     8.00    64.82  132.83  132.83    0.00   1.01  49.10
bcache1           0.00     0.00  464.00    0.00  1856.00     0.00     8.00    64.71  139.45  139.45    0.00   1.02  47.20
bcache2           0.00     0.00  464.00    0.00  1856.00     0.00     8.00    64.81  139.69  139.69    0.00   1.00  46.40

avg-cpu:  %user   %nice %system %iowait  %steal   %idle
           0.03    0.00    0.41    7.74    0.00   91.82

Device:         rrqm/s   wrqm/s     r/s     w/s    rkB/s    wkB/s avgrq-sz avgqu-sz   await r_await w_await  svctm  %util
nvme0n1           0.00     0.00    1.00 1413.00     4.00  6147.00     8.70     0.00    0.02    0.00    0.02   0.59  83.40
sda               0.00     0.00    0.00    0.00     0.00     0.00     0.00     0.00    0.00    0.00    0.00   0.00   0.00
dm-0              0.00     0.00    0.00    0.00     0.00     0.00     0.00     0.00    0.00    0.00    0.00   0.00   0.00
dm-1              0.00     0.00    0.00    0.00     0.00     0.00     0.00     0.00    0.00    0.00    0.00   0.00   0.00
dm-2              0.00     0.00    0.00    0.00     0.00     0.00     0.00     0.00    0.00    0.00    0.00   0.00   0.00
sdb               0.00     0.00  461.00    0.00  1844.00     0.00     8.00    60.47  131.66  131.66    0.00   1.03  47.50
sdc               0.00     0.00  467.00    0.00  1868.00     0.00     8.00    61.14  131.43  131.43    0.00   1.02  47.70
sdd               0.00     0.00  464.00    0.00  1856.00     0.00     8.00    59.62  129.00  129.00    0.00   1.03  47.60
bcache0           0.00     0.00  457.00    0.00  1828.00     0.00     8.00    64.30  140.70  140.70    0.00   1.04  47.30
bcache1           0.00     0.00  464.00    0.00  1856.00     0.00     8.00    65.47  141.09  141.09    0.00   1.02  47.40
bcache2           0.00     0.00  464.00    0.00  1856.00     0.00     8.00    63.65  137.18  137.18    0.00   1.02  47.40

avg-cpu:  %user   %nice %system %iowait  %steal   %idle
           0.06    0.00    0.41    9.12    0.00   90.41

Device:         rrqm/s   wrqm/s     r/s     w/s    rkB/s    wkB/s avgrq-sz avgqu-sz   await r_await w_await  svctm  %util
nvme0n1           0.00     0.00    1.00 1400.00     4.00  5700.00     8.14     0.00    0.02    0.00    0.02   0.61  85.10
sda               0.00     0.00    0.00    0.00     0.00     0.00     0.00     0.00    0.00    0.00    0.00   0.00   0.00
dm-0              0.00     0.00    0.00    0.00     0.00     0.00     0.00     0.00    0.00    0.00    0.00   0.00   0.00
dm-1              0.00     0.00    0.00    0.00     0.00     0.00     0.00     0.00    0.00    0.00    0.00   0.00   0.00
dm-2              0.00     0.00    0.00    0.00     0.00     0.00     0.00     0.00    0.00    0.00    0.00   0.00   0.00
sdb               0.00     0.00  455.00    0.00  1820.00     0.00     8.00    58.43  128.93  128.93    0.00   1.02  46.40
sdc               0.00     0.00  462.00    0.00  1848.00     0.00     8.00    60.01  130.37  130.37    0.00   1.03  47.80
sdd               0.00     0.00  465.00    0.00  1860.00     0.00     8.00    60.66  130.95  130.95    0.00   1.04  48.40
bcache0           0.00     0.00  456.00    0.00  1824.00     0.00     8.00    62.71  137.51  137.51    0.00   1.02  46.30
bcache1           0.00     0.00  464.00    0.00  1856.00     0.00     8.00    64.35  138.68  138.68    0.00   1.02  47.50
bcache2           0.00     0.00  465.00    0.00  1860.00     0.00     8.00    64.98  139.74  139.74    0.00   1.02  47.60

avg-cpu:  %user   %nice %system %iowait  %steal   %idle
           2.91    0.00    0.72    8.74    0.00   87.63

Device:         rrqm/s   wrqm/s     r/s     w/s    rkB/s    wkB/s avgrq-sz avgqu-sz   await r_await w_await  svctm  %util
nvme0n1           0.00     0.00    5.00 1394.00    20.00  5579.50     8.01     0.00    0.03    0.20    0.02   0.60  83.80
sda               0.00     0.00    0.00    0.00     0.00     0.00     0.00     0.00    0.00    0.00    0.00   0.00   0.00
dm-0              0.00     0.00    0.00    0.00     0.00     0.00     0.00     0.00    0.00    0.00    0.00   0.00   0.00
dm-1              0.00     0.00    0.00    0.00     0.00     0.00     0.00     0.00    0.00    0.00    0.00   0.00   0.00
dm-2              0.00     0.00    0.00    0.00     0.00     0.00     0.00     0.00    0.00    0.00    0.00   0.00   0.00
sdb               0.00     0.00  468.00    0.00  1872.00     0.00     8.00    60.23  129.18  129.18    0.00   1.03  48.40
sdc               0.00     0.00  451.00    0.00  1804.00     0.00     8.00    60.87  135.47  135.47    0.00   1.02  46.10
sdd               0.00     0.00  459.00    0.00  1836.00     0.00     8.00    58.21  127.34  127.34    0.00   1.04  47.70
bcache0           0.00     0.00  473.00    0.00  1892.00     0.00     8.00    64.45  136.26  136.26    0.00   1.02  48.20
bcache1           0.00     0.00  451.00    0.00  1804.00     0.00     8.00    64.95  144.02  144.02    0.00   1.02  46.00
bcache2           0.00     0.00  457.00    0.00  1828.00     0.00     8.00    62.44  136.63  136.63    0.00   1.04  47.60

avg-cpu:  %user   %nice %system %iowait  %steal   %idle
           0.44    0.00    0.60   10.32    0.00   88.65

Device:         rrqm/s   wrqm/s     r/s     w/s    rkB/s    wkB/s avgrq-sz avgqu-sz   await r_await w_await  svctm  %util
nvme0n1           0.00     0.00    3.00 1400.00    12.00  6248.00     8.92     0.00    0.02    0.00    0.02   0.59  82.40
sda               0.00     0.00    0.00    0.00     0.00     0.00     0.00     0.00    0.00    0.00    0.00   0.00   0.00
dm-0              0.00     0.00    0.00    0.00     0.00     0.00     0.00     0.00    0.00    0.00    0.00   0.00   0.00
dm-1              0.00     0.00    0.00    0.00     0.00     0.00     0.00     0.00    0.00    0.00    0.00   0.00   0.00
dm-2              0.00     0.00    0.00    0.00     0.00     0.00     0.00     0.00    0.00    0.00    0.00   0.00   0.00
sdb               0.00     0.00  488.00    0.00  1952.00     0.00     8.00    62.12  127.79  127.79    0.00   1.03  50.10
sdc               0.00     0.00  423.00    0.00  1692.00     0.00     8.00    57.43  136.25  136.25    0.00   1.01  42.90
sdd               0.00     0.00  469.00    0.00  1876.00     0.00     8.00    61.37  131.36  131.36    0.00   1.03  48.20
bcache0           0.00     0.00  489.00    0.00  1956.00     0.00     8.00    66.54  136.07  136.07    0.00   1.02  50.00
bcache1           0.00     0.00  425.00    0.00  1700.00     0.00     8.00    61.68  145.12  145.12    0.00   1.00  42.70
bcache2           0.00     0.00  473.00    0.00  1892.00     0.00     8.00    65.90  139.32  139.32    0.00   1.01  47.60

avg-cpu:  %user   %nice %system %iowait  %steal   %idle
           0.03    0.00    0.69    9.90    0.00   89.38

Device:         rrqm/s   wrqm/s     r/s     w/s    rkB/s    wkB/s avgrq-sz avgqu-sz   await r_await w_await  svctm  %util
nvme0n1           0.00     0.00    3.00 1376.00    12.00  5696.00     8.28     0.00    0.02    0.33    0.02   0.60  82.50
sda               0.00     0.00    0.00    0.00     0.00     0.00     0.00     0.00    0.00    0.00    0.00   0.00   0.00
dm-0              0.00     0.00    0.00    0.00     0.00     0.00     0.00     0.00    0.00    0.00    0.00   0.00   0.00
dm-1              0.00     0.00    0.00    0.00     0.00     0.00     0.00     0.00    0.00    0.00    0.00   0.00   0.00
dm-2              0.00     0.00    0.00    0.00     0.00     0.00     0.00     0.00    0.00    0.00    0.00   0.00   0.00
sdb               0.00     0.00  450.00    0.00  1800.00     0.00     8.00    57.30  127.86  127.86    0.00   1.03  46.30
sdc               0.00     0.00  457.00    0.00  1828.00     0.00     8.00    61.52  135.09  135.09    0.00   1.04  47.50
sdd               0.00     0.00  449.00    0.00  1796.00     0.00     8.00    60.75  135.83  135.83    0.00   1.04  46.90
bcache0           0.00     0.00  448.00    0.00  1792.00     0.00     8.00    61.41  137.07  137.07    0.00   1.03  46.00
bcache1           0.00     0.00  458.00    0.00  1832.00     0.00     8.00    66.90  146.07  146.07    0.00   1.03  47.10
bcache2           0.00     0.00  448.00    0.00  1792.00     0.00     8.00    65.00  145.10  145.10    0.00   1.04  46.40

avg-cpu:  %user   %nice %system %iowait  %steal   %idle
           0.06    0.00    0.66    7.39    0.00   91.89

Device:         rrqm/s   wrqm/s     r/s     w/s    rkB/s    wkB/s avgrq-sz avgqu-sz   await r_await w_await  svctm  %util
nvme0n1           0.00     0.00    3.00 1382.00    12.00  6020.50     8.71     0.00    0.02    0.00    0.02   0.59  81.90
sda               0.00     0.00    0.00    0.00     0.00     0.00     0.00     0.00    0.00    0.00    0.00   0.00   0.00
dm-0              0.00     0.00    0.00    0.00     0.00     0.00     0.00     0.00    0.00    0.00    0.00   0.00   0.00
dm-1              0.00     0.00    0.00    0.00     0.00     0.00     0.00     0.00    0.00    0.00    0.00   0.00   0.00
dm-2              0.00     0.00    0.00    0.00     0.00     0.00     0.00     0.00    0.00    0.00    0.00   0.00   0.00
sdb               0.00     0.00  465.00    0.00  1860.00     0.00     8.00    61.72  133.24  133.24    0.00   1.04  48.20
sdc               0.00     0.00  454.00    0.00  1816.00     0.00     8.00    59.52  131.60  131.60    0.00   1.05  47.50
sdd               0.00     0.00  441.00    0.00  1764.00     0.00     8.00    56.98  129.71  129.71    0.00   1.04  46.00
bcache0           0.00     0.00  466.00    0.00  1864.00     0.00     8.00    66.02  141.67  141.67    0.00   1.03  48.20
bcache1           0.00     0.00  456.00    0.00  1824.00     0.00     8.00    65.71  144.10  144.10    0.00   1.04  47.20
bcache2           0.00     0.00  441.00    0.00  1764.00     0.00     8.00    60.88  138.06  138.06    0.00   1.04  45.80

avg-cpu:  %user   %nice %system %iowait  %steal   %idle
           0.09    0.00    0.63    6.61    0.00   92.67

Device:         rrqm/s   wrqm/s     r/s     w/s    rkB/s    wkB/s avgrq-sz avgqu-sz   await r_await w_await  svctm  %util
nvme0n1           0.00     0.00    5.00 1384.00    20.00  5534.00     8.00     0.00    0.03    0.20    0.02   0.60  83.60
sda               0.00     0.00    0.00    0.00     0.00     0.00     0.00     0.00    0.00    0.00    0.00   0.00   0.00
dm-0              0.00     0.00    0.00    0.00     0.00     0.00     0.00     0.00    0.00    0.00    0.00   0.00   0.00
dm-1              0.00     0.00    0.00    0.00     0.00     0.00     0.00     0.00    0.00    0.00    0.00   0.00   0.00
dm-2              0.00     0.00    0.00    0.00     0.00     0.00     0.00     0.00    0.00    0.00    0.00   0.00   0.00
sdb               0.00     0.00  466.00    0.00  1864.00     0.00     8.00    60.88  131.14  131.14    0.00   1.03  47.90
sdc               0.00     0.00  448.00    0.00  1792.00     0.00     8.00    60.40  135.33  135.33    0.00   1.03  46.00
sdd               0.00     0.00  454.00    0.00  1816.00     0.00     8.00    59.32  131.15  131.15    0.00   1.04  47.20
bcache0           0.00     0.00  468.00    0.00  1872.00     0.00     8.00    64.99  138.87  138.87    0.00   1.02  47.80
bcache1           0.00     0.00  448.00    0.00  1792.00     0.00     8.00    64.23  143.37  143.37    0.00   1.02  45.70
bcache2           0.00     0.00  457.00    0.00  1828.00     0.00     8.00    63.87  139.76  139.76    0.00   1.02  46.80

