Linux 5.2.4-1.el7.elrepo.x86_64 (sfx-010) 	08/02/2019 	_x86_64_	(32 CPU)

avg-cpu:  %user   %nice %system %iowait  %steal   %idle
           0.36    0.00    1.15    6.04    0.00   92.44

Device:         rrqm/s   wrqm/s     r/s     w/s    rkB/s    wkB/s avgrq-sz avgqu-sz   await r_await w_await  svctm  %util
nvme0n1           0.00    99.32 38001.32  461.66 152007.92  1917.87     8.00    16.98    0.75    0.76    0.04   0.01  30.58
sda               0.00     0.06    0.11    0.34     2.85     4.94    34.57     0.00    5.25    5.62    5.14   0.51   0.02
dm-0              0.00     0.00    0.09    0.39     2.52     5.16    31.39     0.00    5.12    5.86    4.95   0.45   0.02
dm-1              0.00     0.00    0.00    0.00     0.02     0.00    50.64     0.00   36.88   36.88    0.00   0.56   0.00
dm-2              0.00     0.00    0.01    0.00     0.23     0.04    31.38     0.00    3.65    3.27    6.41   0.59   0.00
sdb               0.01     0.01  138.14    0.09   554.79     0.36     8.03    17.39  126.29  126.26  173.66   1.04  14.35
sdc               0.01     0.01  144.34    2.89   579.57    11.60     8.03    18.15  123.81  126.12    8.13   1.03  15.10
sdd               0.01     0.01  145.36    2.87   583.66    11.53     8.03    18.29  123.85  126.13    8.61   1.02  15.14
bcache0           0.00     0.00    0.00    0.00     0.02     0.00    44.35     0.00    0.23    0.23    0.00   0.23   0.00
bcache1           0.00     0.00    0.00    0.00     0.02     0.00    44.35     0.00    0.25    0.25    0.00   0.22   0.00
bcache2           0.00     0.00    0.00    0.00     0.02     0.00    44.35     0.00    0.26    0.26    0.00   0.19   0.00

avg-cpu:  %user   %nice %system %iowait  %steal   %idle
           0.75    0.00    1.19    3.57    0.00   94.49

Device:         rrqm/s   wrqm/s     r/s     w/s    rkB/s    wkB/s avgrq-sz avgqu-sz   await r_await w_await  svctm  %util
nvme0n1           0.00     0.00    2.00  901.00     8.00  4101.00     9.10     0.00    0.01    0.00    0.01   0.51  46.00
sda               0.00     0.00    0.00    0.00     0.00     0.00     0.00     0.00    0.00    0.00    0.00   0.00   0.00
dm-0              0.00     0.00    0.00    0.00     0.00     0.00     0.00     0.00    0.00    0.00    0.00   0.00   0.00
dm-1              0.00     0.00    0.00    0.00     0.00     0.00     0.00     0.00    0.00    0.00    0.00   0.00   0.00
dm-2              0.00     0.00    0.00    0.00     0.00     0.00     0.00     0.00    0.00    0.00    0.00   0.00   0.00
sdb               0.00     0.00  299.00    0.00  1196.00     0.00     8.00    27.10   91.10   91.10    0.00   1.03  30.90
sdc               0.00     0.00  296.00    0.00  1184.00     0.00     8.00    25.69   87.28   87.28    0.00   1.04  30.90
sdd               0.00     0.00  291.00    0.00  1164.00     0.00     8.00    26.53   91.66   91.66    0.00   1.03  29.90
bcache0           0.00     0.00  364.00    0.00  1456.00     0.00     8.00    28.89   79.36   79.36    0.00   0.85  30.80
bcache1           0.00     0.00  365.00    0.00  1460.00     0.00     8.00    27.33   74.88   74.88    0.00   0.85  31.00
bcache2           0.00     0.00  357.00    0.00  1428.00     0.00     8.00    28.31   79.30   79.30    0.00   0.83  29.60

avg-cpu:  %user   %nice %system %iowait  %steal   %idle
           0.06    0.00    0.34    6.45    0.00   93.14

Device:         rrqm/s   wrqm/s     r/s     w/s    rkB/s    wkB/s avgrq-sz avgqu-sz   await r_await w_await  svctm  %util
nvme0n1           0.00     0.00    0.00 1790.00     0.00  7164.00     8.00     0.00    0.01    0.00    0.01   0.53  94.50
sda               0.00     0.00    0.00    0.00     0.00     0.00     0.00     0.00    0.00    0.00    0.00   0.00   0.00
dm-0              0.00     0.00    0.00    0.00     0.00     0.00     0.00     0.00    0.00    0.00    0.00   0.00   0.00
dm-1              0.00     0.00    0.00    0.00     0.00     0.00     0.00     0.00    0.00    0.00    0.00   0.00   0.00
dm-2              0.00     0.00    0.00    0.00     0.00     0.00     0.00     0.00    0.00    0.00    0.00   0.00   0.00
sdb               0.00     0.00  593.00    0.00  2372.00     0.00     8.00    59.09  100.15  100.15    0.00   1.02  60.30
sdc               0.00     0.00  592.00    0.00  2368.00     0.00     8.00    60.85  103.26  103.26    0.00   1.01  60.00
sdd               0.00     0.00  583.00    0.00  2332.00     0.00     8.00    60.34  104.00  104.00    0.00   1.02  59.30
bcache0           0.00     0.00  592.00    0.00  2368.00     0.00     8.00    63.40  107.09  107.09    0.00   1.02  60.20
bcache1           0.00     0.00  592.00    0.00  2368.00     0.00     8.00    65.15  110.05  110.05    0.00   1.01  59.90
bcache2           0.00     0.00  584.00    0.00  2336.00     0.00     8.00    64.51  110.46  110.46    0.00   1.01  59.10

avg-cpu:  %user   %nice %system %iowait  %steal   %idle
           0.06    0.00    0.31    5.42    0.00   94.20

Device:         rrqm/s   wrqm/s     r/s     w/s    rkB/s    wkB/s avgrq-sz avgqu-sz   await r_await w_await  svctm  %util
nvme0n1           0.00     0.00    8.00 1731.00    32.00  6927.00     8.00     0.00    0.01    0.25    0.01   0.54  93.10
sda               0.00     0.00    0.00    3.00     0.00    12.00     8.00     0.00    0.00    0.00    0.00   0.33   0.10
dm-0              0.00     0.00    0.00    3.00     0.00    12.00     8.00     0.00    0.00    0.00    0.00   0.33   0.10
dm-1              0.00     0.00    0.00    0.00     0.00     0.00     0.00     0.00    0.00    0.00    0.00   0.00   0.00
dm-2              0.00     0.00    0.00    0.00     0.00     0.00     0.00     0.00    0.00    0.00    0.00   0.00   0.00
sdb               0.00     0.00  565.00    0.00  2260.00     0.00     8.00    60.77  108.06  108.06    0.00   1.01  57.10
sdc               0.00     0.00  586.00    0.00  2344.00     0.00     8.00    59.78  102.51  102.51    0.00   1.02  59.90
sdd               0.00     0.00  561.00    0.00  2244.00     0.00     8.00    58.98  105.64  105.64    0.00   1.01  56.90
bcache0           0.00     0.00  569.00    0.00  2276.00     0.00     8.00    64.90  114.05  114.05    0.00   1.00  57.00
bcache1           0.00     0.00  588.00    0.00  2352.00     0.00     8.00    64.21  109.20  109.20    0.00   1.01  59.60
bcache2           0.00     0.00  563.00    0.00  2252.00     0.00     8.00    63.17  112.21  112.21    0.00   1.01  56.70

avg-cpu:  %user   %nice %system %iowait  %steal   %idle
           0.06    0.00    0.31    6.58    0.00   93.05

Device:         rrqm/s   wrqm/s     r/s     w/s    rkB/s    wkB/s avgrq-sz avgqu-sz   await r_await w_await  svctm  %util
nvme0n1           0.00     0.00   10.00 1767.00    40.00  7655.50     8.66     0.00    0.01    0.10    0.01   0.52  92.00
sda               0.00     0.00    0.00    0.00     0.00     0.00     0.00     0.00    0.00    0.00    0.00   0.00   0.00
dm-0              0.00     0.00    0.00    0.00     0.00     0.00     0.00     0.00    0.00    0.00    0.00   0.00   0.00
dm-1              0.00     0.00    0.00    0.00     0.00     0.00     0.00     0.00    0.00    0.00    0.00   0.00   0.00
dm-2              0.00     0.00    0.00    0.00     0.00     0.00     0.00     0.00    0.00    0.00    0.00   0.00   0.00
sdb               0.00     0.00  598.00    0.00  2392.00     0.00     8.00    60.00  100.83  100.83    0.00   1.00  59.90
sdc               0.00     0.00  582.00    0.00  2328.00     0.00     8.00    60.72  104.83  104.83    0.00   1.02  59.40
sdd               0.00     0.00  560.00    0.00  2240.00     0.00     8.00    61.51  110.34  110.34    0.00   1.00  56.20
bcache0           0.00     0.00  593.00    0.00  2372.00     0.00     8.00    64.31  108.46  108.46    0.00   1.01  59.60
bcache1           0.00     0.00  587.00    0.00  2348.00     0.00     8.00    64.74  110.28  110.28    0.00   1.01  59.40
bcache2           0.00     0.00  566.00    0.00  2264.00     0.00     8.00    65.97  116.56  116.56    0.00   0.99  56.10

avg-cpu:  %user   %nice %system %iowait  %steal   %idle
           0.03    0.00    0.34    4.07    0.00   95.55

Device:         rrqm/s   wrqm/s     r/s     w/s    rkB/s    wkB/s avgrq-sz avgqu-sz   await r_await w_await  svctm  %util
nvme0n1           0.00     0.00   10.00 1729.00    40.00  6921.50     8.01     0.00    0.01    0.20    0.01   0.52  91.10
sda               0.00     0.00    0.00    0.00     0.00     0.00     0.00     0.00    0.00    0.00    0.00   0.00   0.00
dm-0              0.00     0.00    0.00    0.00     0.00     0.00     0.00     0.00    0.00    0.00    0.00   0.00   0.00
dm-1              0.00     0.00    0.00    0.00     0.00     0.00     0.00     0.00    0.00    0.00    0.00   0.00   0.00
dm-2              0.00     0.00    0.00    0.00     0.00     0.00     0.00     0.00    0.00    0.00    0.00   0.00   0.00
sdb               0.00     0.00  577.00    0.00  2312.00     0.00     8.01    60.31  105.02  105.02    0.00   1.01  58.10
sdc               0.00     0.00  578.00    0.00  2312.00     0.00     8.00    59.68  103.76  103.76    0.00   0.99  57.50
sdd               0.00     0.00  553.00    0.00  2212.00     0.00     8.00    58.67  106.59  106.59    0.00   1.01  55.70
bcache0           0.00     0.00  587.00    0.00  2348.00     0.00     8.00    64.75  110.30  110.30    0.00   0.99  57.90
bcache1           0.00     0.00  579.00    0.00  2316.00     0.00     8.00    64.14  110.78  110.78    0.00   0.99  57.20
bcache2           0.00     0.00  556.00    0.00  2224.00     0.00     8.00    62.94  113.20  113.20    0.00   1.00  55.70

avg-cpu:  %user   %nice %system %iowait  %steal   %idle
           2.88    0.00    0.66    6.01    0.00   90.45

Device:         rrqm/s   wrqm/s     r/s     w/s    rkB/s    wkB/s avgrq-sz avgqu-sz   await r_await w_await  svctm  %util
nvme0n1           0.00     0.00   19.00 1754.00    76.00  7674.00     8.74     0.00    0.02    0.16    0.01   0.51  91.30
sda               0.00     0.00    0.00    0.00     0.00     0.00     0.00     0.00    0.00    0.00    0.00   0.00   0.00
dm-0              0.00     0.00    0.00    0.00     0.00     0.00     0.00     0.00    0.00    0.00    0.00   0.00   0.00
dm-1              0.00     0.00    0.00    0.00     0.00     0.00     0.00     0.00    0.00    0.00    0.00   0.00   0.00
dm-2              0.00     0.00    0.00    0.00     0.00     0.00     0.00     0.00    0.00    0.00    0.00   0.00   0.00
sdb               0.00     0.00  573.00    0.00  2292.00     0.00     8.00    57.67  101.16  101.16    0.00   1.00  57.50
sdc               0.00     0.00  576.00    0.00  2304.00     0.00     8.00    59.64  104.05  104.05    0.00   1.00  57.70
sdd               0.00     0.00  578.00    0.00  2312.00     0.00     8.00    57.44   99.86   99.86    0.00   1.01  58.30
bcache0           0.00     0.00  574.00    0.00  2296.00     0.00     8.00    61.98  107.97  107.97    0.00   1.01  57.70
bcache1           0.00     0.00  585.00    0.00  2340.00     0.00     8.00    66.82  114.22  114.22    0.00   0.98  57.20
bcache2           0.00     0.00  587.00    0.00  2348.00     0.00     8.00    61.60  104.93  104.93    0.00   1.00  58.50

avg-cpu:  %user   %nice %system %iowait  %steal   %idle
           1.75    0.00    0.66    9.40    0.00   88.19

Device:         rrqm/s   wrqm/s     r/s     w/s    rkB/s    wkB/s avgrq-sz avgqu-sz   await r_await w_await  svctm  %util
nvme0n1           0.00     0.00   12.00 1729.00    48.00  7604.50     8.79     0.00    0.02    0.17    0.02   0.53  92.50
sda               0.00     0.00    0.00    0.00     0.00     0.00     0.00     0.00    0.00    0.00    0.00   0.00   0.00
dm-0              0.00     0.00    0.00    0.00     0.00     0.00     0.00     0.00    0.00    0.00    0.00   0.00   0.00
dm-1              0.00     0.00    0.00    0.00     0.00     0.00     0.00     0.00    0.00    0.00    0.00   0.00   0.00
dm-2              0.00     0.00    0.00    0.00     0.00     0.00     0.00     0.00    0.00    0.00    0.00   0.00   0.00
sdb               0.00     0.00  565.00    0.00  2260.00     0.00     8.00    60.49  107.57  107.57    0.00   1.01  57.00
sdc               0.00     0.00  567.00    0.00  2268.00     0.00     8.00    59.45  105.35  105.35    0.00   1.02  58.00
sdd               0.00     0.00  569.00    0.00  2276.00     0.00     8.00    60.81  107.37  107.37    0.00   1.01  57.20
bcache0           0.00     0.00  573.00    0.00  2292.00     0.00     8.00    64.57  112.69  112.69    0.00   0.99  56.60
bcache1           0.00     0.00  566.00    0.00  2264.00     0.00     8.00    63.86  112.82  112.82    0.00   1.02  58.00
bcache2           0.00     0.00  574.00    0.00  2296.00     0.00     8.00    64.94  113.14  113.14    0.00   0.99  57.10

avg-cpu:  %user   %nice %system %iowait  %steal   %idle
           0.06    0.00    0.66    7.46    0.00   91.82

Device:         rrqm/s   wrqm/s     r/s     w/s    rkB/s    wkB/s avgrq-sz avgqu-sz   await r_await w_await  svctm  %util
nvme0n1           0.00     0.00   18.00 1749.00    72.00  6996.00     8.00     0.00    0.02    0.17    0.01   0.52  92.70
sda               0.00     0.00    0.00    0.00     0.00     0.00     0.00     0.00    0.00    0.00    0.00   0.00   0.00
dm-0              0.00     0.00    0.00    0.00     0.00     0.00     0.00     0.00    0.00    0.00    0.00   0.00   0.00
dm-1              0.00     0.00    0.00    0.00     0.00     0.00     0.00     0.00    0.00    0.00    0.00   0.00   0.00
dm-2              0.00     0.00    0.00    0.00     0.00     0.00     0.00     0.00    0.00    0.00    0.00   0.00   0.00
sdb               0.00     0.00  585.00    0.00  2340.00     0.00     8.00    59.18  101.66  101.66    0.00   1.02  59.80
sdc               0.00     0.00  574.00    0.00  2296.00     0.00     8.00    60.87  106.53  106.53    0.00   1.01  57.90
sdd               0.00     0.00  568.00    0.00  2272.00     0.00     8.00    59.35  104.99  104.99    0.00   1.01  57.20
bcache0           0.00     0.00  592.00    0.00  2368.00     0.00     8.00    63.62  107.47  107.47    0.00   1.01  59.70
bcache1           0.00     0.00  576.00    0.00  2304.00     0.00     8.00    65.13  113.07  113.07    0.00   1.00  57.80
bcache2           0.00     0.00  573.00    0.00  2292.00     0.00     8.00    63.75  111.26  111.26    0.00   1.00  57.10

avg-cpu:  %user   %nice %system %iowait  %steal   %idle
           0.06    0.00    0.63    8.62    0.00   90.70

Device:         rrqm/s   wrqm/s     r/s     w/s    rkB/s    wkB/s avgrq-sz avgqu-sz   await r_await w_await  svctm  %util
nvme0n1           0.00     0.00   26.00 1747.00   104.00  7165.50     8.20     0.00    0.02    0.12    0.01   0.52  92.50
sda               0.00     0.00    0.00    0.00     0.00     0.00     0.00     0.00    0.00    0.00    0.00   0.00   0.00
dm-0              0.00     0.00    0.00    0.00     0.00     0.00     0.00     0.00    0.00    0.00    0.00   0.00   0.00
dm-1              0.00     0.00    0.00    0.00     0.00     0.00     0.00     0.00    0.00    0.00    0.00   0.00   0.00
dm-2              0.00     0.00    0.00    0.00     0.00     0.00     0.00     0.00    0.00    0.00    0.00   0.00   0.00
sdb               0.00     0.00  564.00    0.00  2256.00     0.00     8.00    60.55  107.86  107.86    0.00   1.02  57.60
sdc               0.00     0.00  582.00    0.00  2328.00     0.00     8.00    59.95  103.49  103.49    0.00   1.01  58.50
sdd               0.00     0.00  578.00    0.00  2312.00     0.00     8.00    60.03  104.36  104.36    0.00   1.00  57.60
bcache0           0.00     0.00  576.00    0.00  2304.00     0.00     8.00    65.11  113.04  113.04    0.00   1.00  57.50
bcache1           0.00     0.00  594.00    0.00  2376.00     0.00     8.00    64.00  107.74  107.74    0.00   0.98  58.30
bcache2           0.00     0.00  584.00    0.00  2336.00     0.00     8.00    64.50  110.45  110.45    0.00   0.98  57.50

avg-cpu:  %user   %nice %system %iowait  %steal   %idle
           0.03    0.00    0.66    9.15    0.00   90.16

Device:         rrqm/s   wrqm/s     r/s     w/s    rkB/s    wkB/s avgrq-sz avgqu-sz   await r_await w_await  svctm  %util
nvme0n1           0.00     0.00   27.00 1760.00   108.00  7537.00     8.56     0.00    0.02    0.19    0.02   0.51  90.70
sda               0.00     0.00    0.00    0.00     0.00     0.00     0.00     0.00    0.00    0.00    0.00   0.00   0.00
dm-0              0.00     0.00    0.00    0.00     0.00     0.00     0.00     0.00    0.00    0.00    0.00   0.00   0.00
dm-1              0.00     0.00    0.00    0.00     0.00     0.00     0.00     0.00    0.00    0.00    0.00   0.00   0.00
dm-2              0.00     0.00    0.00    0.00     0.00     0.00     0.00     0.00    0.00    0.00    0.00   0.00   0.00
sdb               0.00     0.00  579.00    0.00  2316.00     0.00     8.00    60.29  104.62  104.62    0.00   0.99  57.50
sdc               0.00     0.00  580.00    0.00  2320.00     0.00     8.00    60.52  104.84  104.84    0.00   1.00  58.10
sdd               0.00     0.00  577.00    0.00  2308.00     0.00     8.00    60.35  105.08  105.08    0.00   1.01  58.20
bcache0           0.00     0.00  584.00    0.00  2336.00     0.00     8.00    64.38  110.24  110.24    0.00   0.98  57.30
bcache1           0.00     0.00  586.00    0.00  2344.00     0.00     8.00    64.96  110.86  110.86    0.00   0.99  58.10
bcache2           0.00     0.00  585.00    0.00  2340.00     0.00     8.00    64.63  110.49  110.49    0.00   0.99  58.20

