Linux 5.2.4-1.el7.elrepo.x86_64 (sfx-010) 	08/02/2019 	_x86_64_	(32 CPU)

avg-cpu:  %user   %nice %system %iowait  %steal   %idle
           0.60    0.00    1.91    5.29    0.00   92.20

Device:         rrqm/s   wrqm/s     r/s     w/s    rkB/s    wkB/s avgrq-sz avgqu-sz   await r_await w_await  svctm  %util
nvme0n1           0.00   123.78 66305.77  417.62 265226.32  1722.51     8.00    13.84    0.05    0.05    0.04   0.00  32.40
sda               0.00     0.07    0.09    0.39     2.41     5.06    30.98     0.00    4.88    5.62    4.71   0.50   0.02
dm-0              0.00     0.00    0.08    0.45     2.14     5.31    27.83     0.00    4.76    5.86    4.56   0.43   0.02
dm-1              0.00     0.00    0.00    0.00     0.02     0.00    50.64     0.00   36.88   36.88    0.00   0.56   0.00
dm-2              0.00     0.00    0.01    0.00     0.19     0.03    31.19     0.00    3.65    3.27    6.23   0.59   0.00
sdb               0.01     0.01  122.69    0.08   493.47     0.31     8.04    15.32  125.29  125.26  171.72   1.04  12.75
sdc               0.01     0.01  127.93    2.45   514.46     9.82     8.04    15.96  122.93  125.12    8.13   1.03  13.38
sdd               0.01     0.01  128.80    2.43   517.92     9.77     8.04    16.08  123.01  125.18    8.61   1.02  13.41
bcache0           0.00     0.00    0.00    0.00     0.02     0.00    44.35     0.00    0.30    0.30    0.00   0.23   0.00
bcache1           0.00     0.00    0.00    0.00     0.02     0.00    44.35     0.00    0.22    0.22    0.00   0.22   0.00
bcache2           0.00     0.00    0.00    0.00     0.02     0.00    44.35     0.00    0.66    0.66    0.00   0.26   0.00

avg-cpu:  %user   %nice %system %iowait  %steal   %idle
           0.85    0.00    1.31   15.56    0.00   82.28

Device:         rrqm/s   wrqm/s     r/s     w/s    rkB/s    wkB/s avgrq-sz avgqu-sz   await r_await w_await  svctm  %util
nvme0n1           0.00     0.00    1.00  796.00     4.00  3681.00     9.25     0.00    0.04    0.00    0.04   0.57  45.30
sda               0.00     0.00    0.00    0.00     0.00     0.00     0.00     0.00    0.00    0.00    0.00   0.00   0.00
dm-0              0.00     0.00    0.00    0.00     0.00     0.00     0.00     0.00    0.00    0.00    0.00   0.00   0.00
dm-1              0.00     0.00    0.00    0.00     0.00     0.00     0.00     0.00    0.00    0.00    0.00   0.00   0.00
dm-2              0.00     0.00    0.00    0.00     0.00     0.00     0.00     0.00    0.00    0.00    0.00   0.00   0.00
sdb               0.00     0.00  262.00    0.00  1048.00     0.00     8.00    24.96   95.78   95.78    0.00   1.06  27.90
sdc               0.00     0.00  268.00    0.00  1072.00     0.00     8.00    27.17  101.88  101.88    0.00   1.03  27.60
sdd               0.00     0.00  254.00    0.00  1016.00     0.00     8.00    25.47  100.79  100.79    0.00   1.06  26.90
bcache0           0.00     0.00  324.00    0.00  1296.00     0.00     8.00    26.61   82.14   82.14    0.00   0.85  27.50
bcache1           0.00     0.00  333.00    0.00  1332.00     0.00     8.00    28.93   86.89   86.89    0.00   0.83  27.70
bcache2           0.00     0.00  317.00    0.00  1268.00     0.00     8.00    26.85   84.70   84.70    0.00   0.85  26.80

avg-cpu:  %user   %nice %system %iowait  %steal   %idle
           0.06    0.00    0.41   27.68    0.00   71.85

Device:         rrqm/s   wrqm/s     r/s     w/s    rkB/s    wkB/s avgrq-sz avgqu-sz   await r_await w_await  svctm  %util
nvme0n1           0.00     0.00    0.00 1563.00     0.00  6256.00     8.01     0.00    0.04    0.00    0.04   0.57  88.90
sda               0.00     0.00    0.00    0.00     0.00     0.00     0.00     0.00    0.00    0.00    0.00   0.00   0.00
dm-0              0.00     0.00    0.00    0.00     0.00     0.00     0.00     0.00    0.00    0.00    0.00   0.00   0.00
dm-1              0.00     0.00    0.00    0.00     0.00     0.00     0.00     0.00    0.00    0.00    0.00   0.00   0.00
dm-2              0.00     0.00    0.00    0.00     0.00     0.00     0.00     0.00    0.00    0.00    0.00   0.00   0.00
sdb               0.00     0.00  500.00    0.00  2000.00     0.00     8.00    60.16  120.82  120.82    0.00   1.02  51.20
sdc               0.00     0.00  521.00    0.00  2084.00     0.00     8.00    58.56  112.91  112.91    0.00   1.03  53.70
sdd               0.00     0.00  521.00    0.00  2084.00     0.00     8.00    60.44  116.50  116.50    0.00   1.02  53.20
bcache0           0.00     0.00  504.00    0.00  2016.00     0.00     8.00    64.23  127.44  127.44    0.00   1.01  51.00
bcache1           0.00     0.00  520.00    0.00  2080.00     0.00     8.00    62.99  121.13  121.13    0.00   1.02  53.30
bcache2           0.00     0.00  520.00    0.00  2080.00     0.00     8.00    65.01  125.01  125.01    0.00   1.02  52.80

avg-cpu:  %user   %nice %system %iowait  %steal   %idle
           0.03    0.00    0.44   28.04    0.00   71.49

Device:         rrqm/s   wrqm/s     r/s     w/s    rkB/s    wkB/s avgrq-sz avgqu-sz   await r_await w_await  svctm  %util
nvme0n1           0.00     0.00    4.00 1514.00    16.00  6056.50     8.00     0.00    0.04    0.25    0.04   0.58  87.90
sda               0.00     0.00    0.00    0.00     0.00     0.00     0.00     0.00    0.00    0.00    0.00   0.00   0.00
dm-0              0.00     0.00    0.00    0.00     0.00     0.00     0.00     0.00    0.00    0.00    0.00   0.00   0.00
dm-1              0.00     0.00    0.00    0.00     0.00     0.00     0.00     0.00    0.00    0.00    0.00   0.00   0.00
dm-2              0.00     0.00    0.00    0.00     0.00     0.00     0.00     0.00    0.00    0.00    0.00   0.00   0.00
sdb               0.00     0.00  485.00    0.00  1940.00     0.00     8.00    61.18  126.65  126.65    0.00   1.02  49.70
sdc               0.00     0.00  503.00    0.00  2012.00     0.00     8.00    60.06  119.88  119.88    0.00   1.02  51.20
sdd               0.00     0.00  509.00    0.00  2036.00     0.00     8.00    59.53  117.44  117.44    0.00   1.02  52.00
bcache0           0.00     0.00  481.00    0.00  1924.00     0.00     8.00    65.48  136.14  136.14    0.00   1.03  49.40
bcache1           0.00     0.00  506.00    0.00  2024.00     0.00     8.00    63.77  126.02  126.02    0.00   1.01  51.10
bcache2           0.00     0.00  513.00    0.00  2052.00     0.00     8.00    63.84  124.44  124.44    0.00   1.01  51.70

avg-cpu:  %user   %nice %system %iowait  %steal   %idle
           0.06    0.00    0.53   26.24    0.00   73.16

Device:         rrqm/s   wrqm/s     r/s     w/s    rkB/s    wkB/s avgrq-sz avgqu-sz   await r_await w_await  svctm  %util
nvme0n1           0.00     0.00    4.00 1596.00    16.00  6979.50     8.74     0.00    0.04    0.25    0.04   0.56  89.20
sda               0.00     0.00    0.00    2.00     0.00     8.00     8.00     0.00    0.50    0.00    0.50   0.50   0.10
dm-0              0.00     0.00    0.00    2.00     0.00     8.00     8.00     0.00    0.00    0.00    0.00   0.50   0.10
dm-1              0.00     0.00    0.00    0.00     0.00     0.00     0.00     0.00    0.00    0.00    0.00   0.00   0.00
dm-2              0.00     0.00    0.00    0.00     0.00     0.00     0.00     0.00    0.00    0.00    0.00   0.00   0.00
sdb               0.00     0.00  522.00    0.00  2088.00     0.00     8.00    59.51  114.50  114.50    0.00   1.02  53.50
sdc               0.00     0.00  526.00    0.00  2104.00     0.00     8.00    59.30  113.21  113.21    0.00   1.02  53.90
sdd               0.00     0.00  525.00    0.00  2100.00     0.00     8.00    60.29  115.33  115.33    0.00   1.03  53.90
bcache0           0.00     0.00  528.00    0.00  2112.00     0.00     8.00    63.63  120.52  120.52    0.00   1.01  53.30
bcache1           0.00     0.00  529.00    0.00  2116.00     0.00     8.00    63.92  120.84  120.84    0.00   1.01  53.40
bcache2           0.00     0.00  531.00    0.00  2124.00     0.00     8.00    64.35  121.19  121.19    0.00   1.01  53.50

avg-cpu:  %user   %nice %system %iowait  %steal   %idle
           0.06    0.00    0.44   27.23    0.00   72.27

Device:         rrqm/s   wrqm/s     r/s     w/s    rkB/s    wkB/s avgrq-sz avgqu-sz   await r_await w_await  svctm  %util
nvme0n1           0.00     0.00    5.00 1571.00    20.00  6282.50     8.00     0.00    0.04    0.00    0.04   0.56  87.90
sda               0.00     0.00    0.00    0.00     0.00     0.00     0.00     0.00    0.00    0.00    0.00   0.00   0.00
dm-0              0.00     0.00    0.00    0.00     0.00     0.00     0.00     0.00    0.00    0.00    0.00   0.00   0.00
dm-1              0.00     0.00    0.00    0.00     0.00     0.00     0.00     0.00    0.00    0.00    0.00   0.00   0.00
dm-2              0.00     0.00    0.00    0.00     0.00     0.00     0.00     0.00    0.00    0.00    0.00   0.00   0.00
sdb               0.00     0.00  521.00    0.00  2084.00     0.00     8.00    60.58  116.78  116.78    0.00   1.02  53.30
sdc               0.00     0.00  528.00    0.00  2112.00     0.00     8.00    61.40  116.79  116.79    0.00   1.01  53.40
sdd               0.00     0.00  501.00    0.00  2004.00     0.00     8.00    60.74  121.73  121.73    0.00   1.02  51.30
bcache0           0.00     0.00  521.00    0.00  2084.00     0.00     8.00    65.11  124.98  124.98    0.00   1.02  53.10
bcache1           0.00     0.00  529.00    0.00  2116.00     0.00     8.00    65.79  124.36  124.36    0.00   1.01  53.60
bcache2           0.00     0.00  499.00    0.00  1996.00     0.00     8.00    65.05  130.37  130.37    0.00   1.03  51.30

