Linux 5.2.4-1.el7.elrepo.x86_64 (sfx-010) 	08/02/2019 	_x86_64_	(32 CPU)

avg-cpu:  %user   %nice %system %iowait  %steal   %idle
           0.36    0.00    1.15    6.03    0.00   92.46

Device:         rrqm/s   wrqm/s     r/s     w/s    rkB/s    wkB/s avgrq-sz avgqu-sz   await r_await w_await  svctm  %util
nvme0n1           0.00   112.02 37861.47  463.88 151448.82  1922.61     8.00    16.91    0.75    0.76    0.04   0.01  30.51
sda               0.00     0.06    0.11    0.35     2.84     5.08    34.13     0.00    5.25    5.62    5.14   0.51   0.02
dm-0              0.00     0.00    0.09    0.41     2.51     5.31    30.77     0.00    5.12    5.86    4.95   0.44   0.02
dm-1              0.00     0.00    0.00    0.00     0.02     0.00    50.64     0.00   36.88   36.88    0.00   0.56   0.00
dm-2              0.00     0.00    0.01    0.00     0.23     0.04    31.38     0.00    3.65    3.27    6.41   0.59   0.00
sdb               0.01     0.01  137.92    0.09   554.15     0.36     8.04    17.35  126.24  126.21  173.08   1.04  14.33
sdc               0.01     0.01  144.09    2.88   578.85    11.55     8.03    18.12  123.77  126.08    8.13   1.03  15.08
sdd               0.01     0.02  145.11    2.86   582.91    11.49     8.03    18.25  123.81  126.09    8.61   1.02  15.11
bcache0           0.00     0.00    0.00    0.00     0.02     0.00    44.35     0.00    0.32    0.32    0.00   0.24   0.00
bcache1           0.00     0.00    0.00    0.00     0.02     0.00    44.35     0.00    0.26    0.26    0.00   0.22   0.00
bcache2           0.00     0.00    0.00    0.00     0.02     0.00    44.35     0.00    0.22    0.22    0.00   0.20   0.00

avg-cpu:  %user   %nice %system %iowait  %steal   %idle
           0.85    0.00    1.19    4.13    0.00   93.83

Device:         rrqm/s   wrqm/s     r/s     w/s    rkB/s    wkB/s avgrq-sz avgqu-sz   await r_await w_await  svctm  %util
nvme0n1           0.00     0.00    2.00  798.00     8.00  3687.50     9.24     0.00    0.02    0.50    0.02   0.55  44.20
sda               0.00     0.00    0.00    0.00     0.00     0.00     0.00     0.00    0.00    0.00    0.00   0.00   0.00
dm-0              0.00     0.00    0.00    0.00     0.00     0.00     0.00     0.00    0.00    0.00    0.00   0.00   0.00
dm-1              0.00     0.00    0.00    0.00     0.00     0.00     0.00     0.00    0.00    0.00    0.00   0.00   0.00
dm-2              0.00     0.00    0.00    0.00     0.00     0.00     0.00     0.00    0.00    0.00    0.00   0.00   0.00
sdb               0.00     0.00  258.00    0.00  1032.00     0.00     8.00    25.30   98.58   98.58    0.00   1.07  27.50
sdc               0.00     0.00  248.00    0.00   992.00     0.00     8.00    25.00  101.33  101.33    0.00   1.06  26.20
sdd               0.00     0.00  277.00    0.00  1108.00     0.00     8.00    25.57   92.81   92.81    0.00   1.05  29.00
bcache0           0.00     0.00  324.00    0.00  1296.00     0.00     8.00    26.99   83.29   83.29    0.00   0.84  27.30
bcache1           0.00     0.00  317.00    0.00  1268.00     0.00     8.00    26.55   83.75   83.75    0.00   0.83  26.30
bcache2           0.00     0.00  341.00    0.00  1364.00     0.00     8.00    27.04   79.29   79.29    0.00   0.85  28.90

avg-cpu:  %user   %nice %system %iowait  %steal   %idle
           0.06    0.00    0.34    7.20    0.00   92.39

Device:         rrqm/s   wrqm/s     r/s     w/s    rkB/s    wkB/s avgrq-sz avgqu-sz   await r_await w_await  svctm  %util
nvme0n1           0.00     0.00    0.00 1590.00     0.00  6364.00     8.01     0.00    0.02    0.00    0.02   0.55  88.10
sda               0.00     0.00    0.00    0.00     0.00     0.00     0.00     0.00    0.00    0.00    0.00   0.00   0.00
dm-0              0.00     0.00    0.00    0.00     0.00     0.00     0.00     0.00    0.00    0.00    0.00   0.00   0.00
dm-1              0.00     0.00    0.00    0.00     0.00     0.00     0.00     0.00    0.00    0.00    0.00   0.00   0.00
dm-2              0.00     0.00    0.00    0.00     0.00     0.00     0.00     0.00    0.00    0.00    0.00   0.00   0.00
sdb               0.00     0.00  523.00    0.00  2092.00     0.00     8.00    60.36  115.90  115.90    0.00   1.01  53.00
sdc               0.00     0.00  525.00    0.00  2100.00     0.00     8.00    60.28  115.33  115.33    0.00   1.03  53.90
sdd               0.00     0.00  525.00    0.00  2100.00     0.00     8.00    59.37  113.59  113.59    0.00   1.03  53.90
bcache0           0.00     0.00  520.00    0.00  2080.00     0.00     8.00    64.48  123.99  123.99    0.00   1.02  53.00
bcache1           0.00     0.00  520.00    0.00  2080.00     0.00     8.00    64.55  124.13  124.13    0.00   1.03  53.60
bcache2           0.00     0.00  528.00    0.00  2112.00     0.00     8.00    63.68  120.61  120.61    0.00   1.02  54.00

avg-cpu:  %user   %nice %system %iowait  %steal   %idle
           0.03    0.00    0.41    7.93    0.00   91.63

Device:         rrqm/s   wrqm/s     r/s     w/s    rkB/s    wkB/s avgrq-sz avgqu-sz   await r_await w_await  svctm  %util
nvme0n1           0.00     0.00    1.00 1549.00     4.00  6194.00     8.00     0.00    0.02    0.00    0.02   0.56  86.50
sda               0.00     0.00    0.00    3.00     0.00    12.00     8.00     0.00    0.33    0.00    0.33   0.33   0.10
dm-0              0.00     0.00    0.00    3.00     0.00    12.00     8.00     0.00    0.00    0.00    0.00   0.33   0.10
dm-1              0.00     0.00    0.00    0.00     0.00     0.00     0.00     0.00    0.00    0.00    0.00   0.00   0.00
dm-2              0.00     0.00    0.00    0.00     0.00     0.00     0.00     0.00    0.00    0.00    0.00   0.00   0.00
sdb               0.00     0.00  514.00    0.00  2056.00     0.00     8.00    59.41  116.11  116.11    0.00   1.01  51.90
sdc               0.00     0.00  526.00    0.00  2104.00     0.00     8.00    60.50  115.52  115.52    0.00   1.02  53.70
sdd               0.00     0.00  490.00    0.00  1960.00     0.00     8.00    59.56  122.04  122.04    0.00   1.02  50.20
bcache0           0.00     0.00  513.00    0.00  2052.00     0.00     8.00    63.84  124.45  124.45    0.00   1.01  51.90
bcache1           0.00     0.00  529.00    0.00  2116.00     0.00     8.00    64.85  122.59  122.59    0.00   1.01  53.40
bcache2           0.00     0.00  488.00    0.00  1952.00     0.00     8.00    63.91  130.97  130.97    0.00   1.02  49.90

avg-cpu:  %user   %nice %system %iowait  %steal   %idle
           0.06    0.00    0.38    6.14    0.00   93.42

Device:         rrqm/s   wrqm/s     r/s     w/s    rkB/s    wkB/s avgrq-sz avgqu-sz   await r_await w_await  svctm  %util
nvme0n1           0.00     0.00    7.00 1612.00    28.00  7043.00     8.74     0.00    0.02    0.14    0.02   0.56  90.10
sda               0.00     0.00    0.00    0.00     0.00     0.00     0.00     0.00    0.00    0.00    0.00   0.00   0.00
dm-0              0.00     0.00    0.00    0.00     0.00     0.00     0.00     0.00    0.00    0.00    0.00   0.00   0.00
dm-1              0.00     0.00    0.00    0.00     0.00     0.00     0.00     0.00    0.00    0.00    0.00   0.00   0.00
dm-2              0.00     0.00    0.00    0.00     0.00     0.00     0.00     0.00    0.00    0.00    0.00   0.00   0.00
sdb               0.00     0.00  545.00    0.00  2180.00     0.00     8.00    60.70  111.89  111.89    0.00   1.01  55.20
sdc               0.00     0.00  533.00    0.00  2132.00     0.00     8.00    60.79  114.53  114.53    0.00   1.01  54.00
sdd               0.00     0.00  509.00    0.00  2036.00     0.00     8.00    59.73  117.88  117.88    0.00   1.02  51.90
bcache0           0.00     0.00  553.00    0.00  2212.00     0.00     8.00    64.82  117.21  117.21    0.00   0.99  55.00
bcache1           0.00     0.00  537.00    0.00  2148.00     0.00     8.00    65.05  121.14  121.14    0.00   1.00  53.70
bcache2           0.00     0.00  516.00    0.00  2064.00     0.00     8.00    64.05  124.12  124.12    0.00   1.00  51.50

avg-cpu:  %user   %nice %system %iowait  %steal   %idle
           0.06    0.00    0.41    6.82    0.00   92.71

Device:         rrqm/s   wrqm/s     r/s     w/s    rkB/s    wkB/s avgrq-sz avgqu-sz   await r_await w_await  svctm  %util
nvme0n1           0.00     0.00    6.00 1617.00    24.00  6467.50     8.00     0.00    0.02    0.17    0.02   0.55  89.70
sda               0.00     0.00    0.00    0.00     0.00     0.00     0.00     0.00    0.00    0.00    0.00   0.00   0.00
dm-0              0.00     0.00    0.00    0.00     0.00     0.00     0.00     0.00    0.00    0.00    0.00   0.00   0.00
dm-1              0.00     0.00    0.00    0.00     0.00     0.00     0.00     0.00    0.00    0.00    0.00   0.00   0.00
dm-2              0.00     0.00    0.00    0.00     0.00     0.00     0.00     0.00    0.00    0.00    0.00   0.00   0.00
sdb               0.00     0.00  524.00    0.00  2096.00     0.00     8.00    59.84  114.69  114.69    0.00   1.02  53.70
sdc               0.00     0.00  552.00    0.00  2208.00     0.00     8.00    59.50  108.30  108.30    0.00   1.04  57.30
sdd               0.00     0.00  521.00    0.00  2084.00     0.00     8.00    61.64  118.83  118.83    0.00   1.01  52.70
bcache0           0.00     0.00  522.00    0.00  2088.00     0.00     8.00    64.21  123.01  123.01    0.00   1.03  53.60
bcache1           0.00     0.00  555.00    0.00  2220.00     0.00     8.00    63.72  114.81  114.81    0.00   1.04  57.50
bcache2           0.00     0.00  521.00    0.00  2084.00     0.00     8.00    66.05  126.77  126.77    0.00   1.01  52.70

