Linux 5.2.4-1.el7.elrepo.x86_64 (sfx-010) 	08/02/2019 	_x86_64_	(32 CPU)

avg-cpu:  %user   %nice %system %iowait  %steal   %idle
           0.40    0.00    1.27    5.78    0.00   92.55

Device:         rrqm/s   wrqm/s     r/s     w/s    rkB/s    wkB/s avgrq-sz avgqu-sz   await r_await w_await  svctm  %util
nvme0n1           0.00    85.37 42978.98  449.69 171918.17  1872.33     8.00    19.23    0.76    0.76    0.04   0.01  30.59
sda               0.00     0.05    0.13    0.33     3.24     4.81    35.42     0.00    5.20    5.62    5.05   0.52   0.02
dm-0              0.00     0.00    0.11    0.38     2.87     5.01    32.38     0.00    5.08    5.86    4.86   0.46   0.02
dm-1              0.00     0.00    0.00    0.00     0.02     0.00    50.64     0.00   36.88   36.88    0.00   0.56   0.00
dm-2              0.00     0.00    0.02    0.00     0.26     0.04    31.38     0.00    3.65    3.27    6.41   0.59   0.00
sdb               0.01     0.00  134.43    0.10   539.64     0.40     8.03    16.79  125.31  125.27  174.56   1.04  13.99
sdc               0.01     0.01  141.51    3.29   567.96    13.20     8.03    17.66  122.48  125.14    8.12   1.03  14.84
sdd               0.01     0.02  142.82    3.27   573.20    13.13     8.03    17.83  122.55  125.16    8.60   1.02  14.87
bcache0           0.00     0.00    0.00    0.00     0.02     0.00    44.35     0.00    0.44    0.44    0.00   0.24   0.00
bcache1           0.00     0.00    0.00    0.00     0.02     0.00    44.35     0.00    0.41    0.41    0.00   0.24   0.00
bcache2           0.00     0.00    0.00    0.00     0.02     0.00    44.35     0.00    0.55    0.55    0.00   0.24   0.00

avg-cpu:  %user   %nice %system %iowait  %steal   %idle
           0.88    0.00    1.10    3.76    0.00   94.27

Device:         rrqm/s   wrqm/s     r/s     w/s    rkB/s    wkB/s avgrq-sz avgqu-sz   await r_await w_await  svctm  %util
nvme0n1           0.00     0.00    2.00  850.00     8.00  3895.00     9.16     0.00    0.02    0.00    0.02   0.55  46.90
sda               0.00     0.00    0.00    0.00     0.00     0.00     0.00     0.00    0.00    0.00    0.00   0.00   0.00
dm-0              0.00     0.00    0.00    0.00     0.00     0.00     0.00     0.00    0.00    0.00    0.00   0.00   0.00
dm-1              0.00     0.00    0.00    0.00     0.00     0.00     0.00     0.00    0.00    0.00    0.00   0.00   0.00
dm-2              0.00     0.00    0.00    0.00     0.00     0.00     0.00     0.00    0.00    0.00    0.00   0.00   0.00
sdb               0.00     0.00  272.00    0.00  1088.00     0.00     8.00    25.81   95.41   95.41    0.00   1.00  27.30
sdc               0.00     0.00  279.00    0.00  1116.00     0.00     8.00    25.44   91.66   91.66    0.00   1.03  28.80
sdd               0.00     0.00  284.00    0.00  1136.00     0.00     8.00    25.83   91.48   91.48    0.00   1.02  29.10
bcache0           0.00     0.00  340.00    0.00  1360.00     0.00     8.00    27.44   80.69   80.69    0.00   0.81  27.40
bcache1           0.00     0.00  342.00    0.00  1368.00     0.00     8.00    27.37   80.02   80.02    0.00   0.85  29.00
bcache2           0.00     0.00  349.00    0.00  1396.00     0.00     8.00    27.54   78.91   78.91    0.00   0.83  29.00

avg-cpu:  %user   %nice %system %iowait  %steal   %idle
           0.06    0.00    0.38    6.17    0.00   93.40

Device:         rrqm/s   wrqm/s     r/s     w/s    rkB/s    wkB/s avgrq-sz avgqu-sz   await r_await w_await  svctm  %util
nvme0n1           0.00     0.00    1.00 1628.00     4.00  6518.50     8.01     0.00    0.02    0.00    0.02   0.55  90.00
sda               0.00     0.00    0.00    0.00     0.00     0.00     0.00     0.00    0.00    0.00    0.00   0.00   0.00
dm-0              0.00     0.00    0.00    0.00     0.00     0.00     0.00     0.00    0.00    0.00    0.00   0.00   0.00
dm-1              0.00     0.00    0.00    0.00     0.00     0.00     0.00     0.00    0.00    0.00    0.00   0.00   0.00
dm-2              0.00     0.00    0.00    0.00     0.00     0.00     0.00     0.00    0.00    0.00    0.00   0.00   0.00
sdb               0.00     0.00  535.00    0.00  2140.00     0.00     8.00    59.68  112.08  112.08    0.00   1.03  55.10
sdc               0.00     0.00  534.00    0.00  2136.00     0.00     8.00    60.61  114.00  114.00    0.00   1.02  54.30
sdd               0.00     0.00  542.00    0.00  2168.00     0.00     8.00    59.11  109.56  109.56    0.00   1.02  55.30
bcache0           0.00     0.00  528.00    0.00  2112.00     0.00     8.00    63.98  121.16  121.16    0.00   1.05  55.30
bcache1           0.00     0.00  536.00    0.00  2144.00     0.00     8.00    64.59  120.50  120.50    0.00   1.01  53.90
bcache2           0.00     0.00  544.00    0.00  2176.00     0.00     8.00    63.27  116.31  116.31    0.00   1.02  55.40

avg-cpu:  %user   %nice %system %iowait  %steal   %idle
           0.06    0.00    0.34    6.05    0.00   93.54

Device:         rrqm/s   wrqm/s     r/s     w/s    rkB/s    wkB/s avgrq-sz avgqu-sz   await r_await w_await  svctm  %util
nvme0n1           0.00     0.00    3.00 1645.00    12.00  6581.50     8.00     0.00    0.02    0.33    0.02   0.53  88.00
sda               0.00     0.00    0.00    0.00     0.00     0.00     0.00     0.00    0.00    0.00    0.00   0.00   0.00
dm-0              0.00     0.00    0.00    0.00     0.00     0.00     0.00     0.00    0.00    0.00    0.00   0.00   0.00
dm-1              0.00     0.00    0.00    0.00     0.00     0.00     0.00     0.00    0.00    0.00    0.00   0.00   0.00
dm-2              0.00     0.00    0.00    0.00     0.00     0.00     0.00     0.00    0.00    0.00    0.00   0.00   0.00
sdb               0.00     0.00  540.00    0.00  2160.00     0.00     8.00    60.35  112.28  112.28    0.00   1.02  54.90
sdc               0.00     0.00  538.00    0.00  2152.00     0.00     8.00    59.44  111.02  111.02    0.00   1.02  55.10
sdd               0.00     0.00  546.00    0.00  2184.00     0.00     8.00    61.64  113.39  113.39    0.00   1.01  55.20
bcache0           0.00     0.00  545.00    0.00  2180.00     0.00     8.00    64.72  118.75  118.75    0.00   1.00  54.40
bcache1           0.00     0.00  537.00    0.00  2148.00     0.00     8.00    63.67  118.56  118.56    0.00   1.03  55.10
bcache2           0.00     0.00  545.00    0.00  2180.00     0.00     8.00    65.91  120.93  120.93    0.00   1.01  54.90

avg-cpu:  %user   %nice %system %iowait  %steal   %idle
           0.06    0.00    0.47    6.04    0.00   93.43

Device:         rrqm/s   wrqm/s     r/s     w/s    rkB/s    wkB/s avgrq-sz avgqu-sz   await r_await w_await  svctm  %util
nvme0n1           0.00     0.00    6.00 1650.00    24.00  7191.00     8.71     0.00    0.02    0.17    0.02   0.55  90.90
sda               0.00     2.00    0.00   33.00     0.00   428.00    25.94     0.45   14.24    0.00   14.24   0.12   0.40
dm-0              0.00     0.00    0.00   35.00     0.00   468.00    26.74     0.53   15.14    0.00   15.14   0.14   0.50
dm-1              0.00     0.00    0.00    0.00     0.00     0.00     0.00     0.00    0.00    0.00    0.00   0.00   0.00
dm-2              0.00     0.00    0.00    0.00     0.00     0.00     0.00     0.00    0.00    0.00    0.00   0.00   0.00
sdb               0.00     0.00  546.00    0.00  2184.00     0.00     8.00    58.52  107.68  107.68    0.00   1.03  56.00
sdc               0.00     0.00  535.00    0.00  2140.00     0.00     8.00    60.68  113.92  113.92    0.00   1.03  55.20
sdd               0.00     0.00  545.00    0.00  2180.00     0.00     8.00    60.42  111.33  111.33    0.00   1.02  55.50
bcache0           0.00     0.00  544.00    0.00  2176.00     0.00     8.00    62.70  115.25  115.25    0.00   1.03  55.80
bcache1           0.00     0.00  538.00    0.00  2152.00     0.00     8.00    65.14  121.08  121.08    0.00   1.03  55.40
bcache2           0.00     0.00  548.00    0.00  2192.00     0.00     8.00    64.88  118.40  118.40    0.00   1.01  55.40

avg-cpu:  %user   %nice %system %iowait  %steal   %idle
           0.06    0.00    0.38    6.04    0.00   93.52

Device:         rrqm/s   wrqm/s     r/s     w/s    rkB/s    wkB/s avgrq-sz avgqu-sz   await r_await w_await  svctm  %util
nvme0n1           0.00     0.00    4.00 1671.00    16.00  6688.50     8.01     0.00    0.02    0.00    0.02   0.54  89.80
sda               0.00     0.00    0.00    4.00     0.00    16.00     8.00     0.00    0.25    0.00    0.25   0.25   0.10
dm-0              0.00     0.00    0.00    4.00     0.00    16.00     8.00     0.00    0.00    0.00    0.00   0.25   0.10
dm-1              0.00     0.00    0.00    0.00     0.00     0.00     0.00     0.00    0.00    0.00    0.00   0.00   0.00
dm-2              0.00     0.00    0.00    0.00     0.00     0.00     0.00     0.00    0.00    0.00    0.00   0.00   0.00
sdb               0.00     0.00  554.00    0.00  2216.00     0.00     8.00    62.54  113.38  113.38    0.00   1.03  57.10
sdc               0.00     0.00  543.00    0.00  2172.00     0.00     8.00    60.08  111.14  111.14    0.00   1.02  55.50
sdd               0.00     0.00  554.00    0.00  2216.00     0.00     8.00    59.48  107.85  107.85    0.00   1.02  56.40
bcache0           0.00     0.00  554.00    0.00  2216.00     0.00     8.00    66.84  120.64  120.64    0.00   1.03  56.80
bcache1           0.00     0.00  546.00    0.00  2184.00     0.00     8.00    64.42  117.99  117.99    0.00   1.01  55.40
bcache2           0.00     0.00  552.00    0.00  2208.00     0.00     8.00    63.59  115.20  115.20    0.00   1.01  55.90

avg-cpu:  %user   %nice %system %iowait  %steal   %idle
           2.85    0.00    0.63    8.39    0.00   88.13

Device:         rrqm/s   wrqm/s     r/s     w/s    rkB/s    wkB/s avgrq-sz avgqu-sz   await r_await w_await  svctm  %util
nvme0n1           0.00     0.00   12.00 1679.00    48.00  7369.00     8.77     0.00    0.02    0.17    0.01   0.54  90.70
sda               0.00     0.00    0.00    0.00     0.00     0.00     0.00     0.00    0.00    0.00    0.00   0.00   0.00
dm-0              0.00     0.00    0.00    0.00     0.00     0.00     0.00     0.00    0.00    0.00    0.00   0.00   0.00
dm-1              0.00     0.00    0.00    0.00     0.00     0.00     0.00     0.00    0.00    0.00    0.00   0.00   0.00
dm-2              0.00     0.00    0.00    0.00     0.00     0.00     0.00     0.00    0.00    0.00    0.00   0.00   0.00
sdb               0.00     0.00  547.00    0.00  2188.00     0.00     8.00    58.79  107.97  107.97    0.00   1.01  55.00
sdc               0.00     0.00  549.00    0.00  2196.00     0.00     8.00    61.22  112.01  112.01    0.00   1.01  55.70
sdd               0.00     0.00  558.00    0.00  2232.00     0.00     8.00    60.80  109.46  109.46    0.00   1.02  57.00
bcache0           0.00     0.00  557.00    0.00  2228.00     0.00     8.00    63.07  113.23  113.23    0.00   0.99  55.00
bcache1           0.00     0.00  554.00    0.00  2216.00     0.00     8.00    65.38  118.01  118.01    0.00   1.00  55.30
bcache2           0.00     0.00  565.00    0.00  2260.00     0.00     8.00    65.20  115.40  115.40    0.00   1.01  57.10

