Linux 5.2.4-1.el7.elrepo.x86_64 (sfx-010) 	08/02/2019 	_x86_64_	(32 CPU)

avg-cpu:  %user   %nice %system %iowait  %steal   %idle
           0.61    0.00    1.91    5.29    0.00   92.19

Device:         rrqm/s   wrqm/s     r/s     w/s    rkB/s    wkB/s avgrq-sz avgqu-sz   await r_await w_await  svctm  %util
nvme0n1           0.00   119.16 66382.44  416.67 265532.89  1720.20     8.00    13.85    0.05    0.05    0.04   0.00  32.42
sda               0.00     0.07    0.09    0.38     2.42     5.00    31.18     0.00    4.92    5.62    4.75   0.50   0.02
dm-0              0.00     0.00    0.08    0.45     2.14     5.24    28.04     0.00    4.79    5.86    4.60   0.43   0.02
dm-1              0.00     0.00    0.00    0.00     0.02     0.00    50.64     0.00   36.88   36.88    0.00   0.56   0.00
dm-2              0.00     0.00    0.01    0.00     0.19     0.03    31.19     0.00    3.65    3.27    6.23   0.59   0.00
sdb               0.01     0.01  122.73    0.08   493.53     0.31     8.04    15.33  125.30  125.27  171.96   1.04  12.75
sdc               0.01     0.01  127.98    2.45   514.54     9.83     8.04    15.97  122.94  125.14    8.13   1.03  13.39
sdd               0.01     0.01  128.84    2.44   518.00     9.78     8.04    16.09  123.03  125.19    8.61   1.02  13.42
bcache0           0.00     0.00    0.00    0.00     0.02     0.00    44.35     0.00    0.32    0.32    0.00   0.21   0.00
bcache1           0.00     0.00    0.00    0.00     0.02     0.00    44.35     0.00    0.27    0.27    0.00   0.23   0.00
bcache2           0.00     0.00    0.00    0.00     0.02     0.00    44.35     0.00    0.48    0.48    0.00   0.24   0.00

avg-cpu:  %user   %nice %system %iowait  %steal   %idle
           0.88    0.00    1.22    6.79    0.00   91.11

Device:         rrqm/s   wrqm/s     r/s     w/s    rkB/s    wkB/s avgrq-sz avgqu-sz   await r_await w_await  svctm  %util
nvme0n1           0.00     0.00    2.00  798.00     8.00  3686.50     9.24     0.00    0.02    1.50    0.02   0.55  43.90
sda               0.00     0.00    0.00    0.00     0.00     0.00     0.00     0.00    0.00    0.00    0.00   0.00   0.00
dm-0              0.00     0.00    0.00    0.00     0.00     0.00     0.00     0.00    0.00    0.00    0.00   0.00   0.00
dm-1              0.00     0.00    0.00    0.00     0.00     0.00     0.00     0.00    0.00    0.00    0.00   0.00   0.00
dm-2              0.00     0.00    0.00    0.00     0.00     0.00     0.00     0.00    0.00    0.00    0.00   0.00   0.00
sdb               0.00     0.00  265.00    0.00  1060.00     0.00     8.00    25.50   96.69   96.69    0.00   1.05  27.90
sdc               0.00     0.00  269.00    0.00  1076.00     0.00     8.00    24.54   91.75   91.75    0.00   1.06  28.60
sdd               0.00     0.00  249.00    0.00   996.00     0.00     8.00    24.43   98.64   98.64    0.00   1.06  26.30
bcache0           0.00     0.00  332.00    0.00  1328.00     0.00     8.00    27.24   82.06   82.06    0.00   0.84  27.90
bcache1           0.00     0.00  333.00    0.00  1332.00     0.00     8.00    26.21   78.72   78.72    0.00   0.86  28.50
bcache2           0.00     0.00  317.00    0.00  1268.00     0.00     8.00    26.05   82.18   82.18    0.00   0.82  26.10

avg-cpu:  %user   %nice %system %iowait  %steal   %idle
           0.06    0.00    0.38    8.36    0.00   91.20

Device:         rrqm/s   wrqm/s     r/s     w/s    rkB/s    wkB/s avgrq-sz avgqu-sz   await r_await w_await  svctm  %util
nvme0n1           0.00     0.00    1.00 1694.00     4.00  6779.00     8.00     0.00    0.02    0.00    0.02   0.54  91.10
sda               0.00    22.00    0.00   74.00     0.00   884.00    23.89     0.30    4.49    0.00    4.49   0.14   1.00
dm-0              0.00     0.00    0.00   96.00     0.00   900.00    18.75     0.44    4.56    0.00    4.56   0.10   1.00
dm-1              0.00     0.00    0.00    0.00     0.00     0.00     0.00     0.00    0.00    0.00    0.00   0.00   0.00
dm-2              0.00     0.00    0.00    0.00     0.00     0.00     0.00     0.00    0.00    0.00    0.00   0.00   0.00
sdb               0.00     0.00  552.00    0.00  2208.00     0.00     8.00    59.69  108.63  108.63    0.00   1.01  56.00
sdc               0.00     0.00  563.00    0.00  2252.00     0.00     8.00    61.44  109.62  109.62    0.00   1.03  57.80
sdd               0.00     0.00  560.00    0.00  2240.00     0.00     8.00    61.21  109.81  109.81    0.00   1.02  57.40
bcache0           0.00     0.00  553.00    0.00  2212.00     0.00     8.00    63.61  115.03  115.03    0.00   1.01  55.60
bcache1           0.00     0.00  568.00    0.00  2272.00     0.00     8.00    65.77  115.80  115.80    0.00   1.01  57.20
bcache2           0.00     0.00  560.00    0.00  2240.00     0.00     8.00    65.48  116.93  116.93    0.00   1.02  57.30

avg-cpu:  %user   %nice %system %iowait  %steal   %idle
           0.06    0.00    0.38    8.65    0.00   90.91

Device:         rrqm/s   wrqm/s     r/s     w/s    rkB/s    wkB/s avgrq-sz avgqu-sz   await r_await w_await  svctm  %util
nvme0n1           0.00     0.00    6.00 1676.00    24.00  6704.50     8.00     0.00    0.02    0.17    0.02   0.53  89.10
sda               0.00     0.00    0.00    0.00     0.00     0.00     0.00     0.00    0.00    0.00    0.00   0.00   0.00
dm-0              0.00     0.00    0.00    0.00     0.00     0.00     0.00     0.00    0.00    0.00    0.00   0.00   0.00
dm-1              0.00     0.00    0.00    0.00     0.00     0.00     0.00     0.00    0.00    0.00    0.00   0.00   0.00
dm-2              0.00     0.00    0.00    0.00     0.00     0.00     0.00     0.00    0.00    0.00    0.00   0.00   0.00
sdb               0.00     0.00  538.00    0.00  2152.00     0.00     8.00    59.25  110.63  110.63    0.00   1.01  54.50
sdc               0.00     0.00  556.00    0.00  2224.00     0.00     8.00    59.87  108.19  108.19    0.00   1.03  57.10
sdd               0.00     0.00  561.00    0.00  2244.00     0.00     8.00    61.00  109.24  109.24    0.00   1.03  57.70
bcache0           0.00     0.00  537.00    0.00  2148.00     0.00     8.00    63.81  118.82  118.82    0.00   1.01  54.00
bcache1           0.00     0.00  555.00    0.00  2220.00     0.00     8.00    64.09  115.47  115.47    0.00   1.02  56.70
bcache2           0.00     0.00  562.00    0.00  2248.00     0.00     8.00    65.41  116.39  116.39    0.00   1.02  57.30

avg-cpu:  %user   %nice %system %iowait  %steal   %idle
           0.06    0.00    0.44    8.54    0.00   90.95

Device:         rrqm/s   wrqm/s     r/s     w/s    rkB/s    wkB/s avgrq-sz avgqu-sz   await r_await w_await  svctm  %util
nvme0n1           0.00     0.00    7.00 1693.00    28.00  7362.50     8.69     0.00    0.02    0.14    0.02   0.53  89.90
sda               0.00     0.00    0.00    0.00     0.00     0.00     0.00     0.00    0.00    0.00    0.00   0.00   0.00
dm-0              0.00     0.00    0.00    0.00     0.00     0.00     0.00     0.00    0.00    0.00    0.00   0.00   0.00
dm-1              0.00     0.00    0.00    0.00     0.00     0.00     0.00     0.00    0.00    0.00    0.00   0.00   0.00
dm-2              0.00     0.00    0.00    0.00     0.00     0.00     0.00     0.00    0.00    0.00    0.00   0.00   0.00
sdb               0.00     0.00  544.00    0.00  2176.00     0.00     8.00    60.19  111.15  111.15    0.00   1.02  55.30
sdc               0.00     0.00  575.00    0.00  2300.00     0.00     8.00    59.79  104.48  104.48    0.00   1.02  58.90
sdd               0.00     0.00  549.00    0.00  2196.00     0.00     8.00    58.38  106.85  106.85    0.00   1.04  57.10
bcache0           0.00     0.00  545.00    0.00  2180.00     0.00     8.00    64.30  117.97  117.97    0.00   1.02  55.70
bcache1           0.00     0.00  577.00    0.00  2308.00     0.00     8.00    63.99  110.90  110.90    0.00   1.01  58.50
bcache2           0.00     0.00  549.00    0.00  2196.00     0.00     8.00    62.53  113.89  113.89    0.00   1.03  56.70

avg-cpu:  %user   %nice %system %iowait  %steal   %idle
           0.06    0.00    0.38    9.59    0.00   89.97

Device:         rrqm/s   wrqm/s     r/s     w/s    rkB/s    wkB/s avgrq-sz avgqu-sz   await r_await w_await  svctm  %util
nvme0n1           0.00     0.00    5.00 1684.00    20.00  6740.00     8.00     0.00    0.02    0.20    0.02   0.53  90.10
sda               0.00     0.00    0.00    0.00     0.00     0.00     0.00     0.00    0.00    0.00    0.00   0.00   0.00
dm-0              0.00     0.00    0.00    0.00     0.00     0.00     0.00     0.00    0.00    0.00    0.00   0.00   0.00
dm-1              0.00     0.00    0.00    0.00     0.00     0.00     0.00     0.00    0.00    0.00    0.00   0.00   0.00
dm-2              0.00     0.00    0.00    0.00     0.00     0.00     0.00     0.00    0.00    0.00    0.00   0.00   0.00
sdb               0.00     0.00  570.00    0.00  2280.00     0.00     8.00    61.93  109.12  109.12    0.00   1.01  57.80
sdc               0.00     0.00  539.00    0.00  2156.00     0.00     8.00    60.40  112.57  112.57    0.00   1.02  55.20
sdd               0.00     0.00  556.00    0.00  2224.00     0.00     8.00    61.65  111.40  111.40    0.00   1.03  57.00
bcache0           0.00     0.00  568.00    0.00  2272.00     0.00     8.00    66.58  117.22  117.22    0.00   1.02  57.70
bcache1           0.00     0.00  538.00    0.00  2152.00     0.00     8.00    64.76  120.38  120.38    0.00   1.02  54.70
bcache2           0.00     0.00  563.00    0.00  2252.00     0.00     8.00    66.09  117.39  117.39    0.00   1.01  56.90

avg-cpu:  %user   %nice %system %iowait  %steal   %idle
           2.85    0.00    0.78    6.20    0.00   90.16

Device:         rrqm/s   wrqm/s     r/s     w/s    rkB/s    wkB/s avgrq-sz avgqu-sz   await r_await w_await  svctm  %util
nvme0n1           0.00     0.00    9.00 1616.00    36.00  7117.00     8.80     0.00    0.02    0.11    0.02   0.55  89.80
sda               0.00     0.00    0.00    0.00     0.00     0.00     0.00     0.00    0.00    0.00    0.00   0.00   0.00
dm-0              0.00     0.00    0.00    0.00     0.00     0.00     0.00     0.00    0.00    0.00    0.00   0.00   0.00
dm-1              0.00     0.00    0.00    0.00     0.00     0.00     0.00     0.00    0.00    0.00    0.00   0.00   0.00
dm-2              0.00     0.00    0.00    0.00     0.00     0.00     0.00     0.00    0.00    0.00    0.00   0.00   0.00
sdb               0.00     0.00  532.00    0.00  2128.00     0.00     8.00    58.65  110.75  110.75    0.00   1.02  54.40
sdc               0.00     0.00  528.00    0.00  2112.00     0.00     8.00    55.59  105.77  105.77    0.00   1.02  53.90
sdd               0.00     0.00  530.00    0.00  2120.00     0.00     8.00    56.53  107.16  107.16    0.00   1.03  54.70
bcache0           0.00     0.00  540.00    0.00  2160.00     0.00     8.00    66.11  122.42  122.42    0.00   1.00  53.90
bcache1           0.00     0.00  533.00    0.00  2132.00     0.00     8.00    59.69  111.98  111.98    0.00   1.00  53.50
bcache2           0.00     0.00  532.00    0.00  2128.00     0.00     8.00    60.55  113.82  113.82    0.00   1.03  54.60

avg-cpu:  %user   %nice %system %iowait  %steal   %idle
           0.56    0.00    0.56   11.27    0.00   87.60

Device:         rrqm/s   wrqm/s     r/s     w/s    rkB/s    wkB/s avgrq-sz avgqu-sz   await r_await w_await  svctm  %util
nvme0n1           0.00     0.00    7.00 1652.00    28.00  6800.50     8.23     0.00    0.02    0.14    0.02   0.54  90.10
sda               0.00     0.00    0.00    5.00     0.00    24.00     9.60     0.00    0.40    0.00    0.40   0.20   0.10
dm-0              0.00     0.00    0.00    5.00     0.00    24.00     9.60     0.00    0.00    0.00    0.00   0.20   0.10
dm-1              0.00     0.00    0.00    0.00     0.00     0.00     0.00     0.00    0.00    0.00    0.00   0.00   0.00
dm-2              0.00     0.00    0.00    0.00     0.00     0.00     0.00     0.00    0.00    0.00    0.00   0.00   0.00
sdb               0.00     0.00  545.00    0.00  2180.00     0.00     8.00    60.18  110.92  110.92    0.00   1.04  56.50
sdc               0.00     0.00  536.00    0.00  2144.00     0.00     8.00    59.72  111.92  111.92    0.00   1.01  53.90
sdd               0.00     0.00  551.00    0.00  2204.00     0.00     8.00    60.61  110.49  110.49    0.00   1.01  55.70
bcache0           0.00     0.00  546.00    0.00  2184.00     0.00     8.00    64.37  117.89  117.89    0.00   1.02  55.80
bcache1           0.00     0.00  539.00    0.00  2156.00     0.00     8.00    64.14  119.01  119.01    0.00   1.00  53.70
bcache2           0.00     0.00  554.00    0.00  2216.00     0.00     8.00    65.07  117.46  117.46    0.00   1.00  55.30

avg-cpu:  %user   %nice %system %iowait  %steal   %idle
           0.06    0.00    0.60   10.87    0.00   88.47

Device:         rrqm/s   wrqm/s     r/s     w/s    rkB/s    wkB/s avgrq-sz avgqu-sz   await r_await w_await  svctm  %util
nvme0n1           0.00     0.00    8.00 1669.00    32.00  7174.50     8.59     0.00    0.02    0.12    0.02   0.53  89.20
sda               0.00     0.00    0.00    0.00     0.00     0.00     0.00     0.00    0.00    0.00    0.00   0.00   0.00
dm-0              0.00     0.00    0.00    0.00     0.00     0.00     0.00     0.00    0.00    0.00    0.00   0.00   0.00
dm-1              0.00     0.00    0.00    0.00     0.00     0.00     0.00     0.00    0.00    0.00    0.00   0.00   0.00
dm-2              0.00     0.00    0.00    0.00     0.00     0.00     0.00     0.00    0.00    0.00    0.00   0.00   0.00
sdb               0.00     0.00  540.00    0.00  2160.00     0.00     8.00    60.21  111.98  111.98    0.00   1.03  55.40
sdc               0.00     0.00  552.00    0.00  2208.00     0.00     8.00    60.66  110.39  110.39    0.00   1.02  56.40
sdd               0.00     0.00  552.00    0.00  2208.00     0.00     8.00    59.45  108.19  108.19    0.00   1.02  56.10
bcache0           0.00     0.00  539.00    0.00  2156.00     0.00     8.00    64.62  119.89  119.89    0.00   1.03  55.30
bcache1           0.00     0.00  555.00    0.00  2220.00     0.00     8.00    65.00  117.12  117.12    0.00   1.01  56.30
bcache2           0.00     0.00  554.00    0.00  2216.00     0.00     8.00    63.65  114.90  114.90    0.00   1.01  56.10

avg-cpu:  %user   %nice %system %iowait  %steal   %idle
           0.09    0.00    0.63   11.02    0.00   88.26

Device:         rrqm/s   wrqm/s     r/s     w/s    rkB/s    wkB/s avgrq-sz avgqu-sz   await r_await w_await  svctm  %util
nvme0n1           0.00     0.00   18.00 1663.00    72.00  6653.50     8.00     0.00    0.02    0.17    0.02   0.54  90.30
sda               0.00     0.00    0.00    0.00     0.00     0.00     0.00     0.00    0.00    0.00    0.00   0.00   0.00
dm-0              0.00     0.00    0.00    0.00     0.00     0.00     0.00     0.00    0.00    0.00    0.00   0.00   0.00
dm-1              0.00     0.00    0.00    0.00     0.00     0.00     0.00     0.00    0.00    0.00    0.00   0.00   0.00
dm-2              0.00     0.00    0.00    0.00     0.00     0.00     0.00     0.00    0.00    0.00    0.00   0.00   0.00
sdb               0.00     0.00  559.00    0.00  2236.00     0.00     8.00    60.71  109.11  109.11    0.00   1.02  57.00
sdc               0.00     0.00  552.00    0.00  2208.00     0.00     8.00    59.31  107.94  107.94    0.00   1.01  55.60
sdd               0.00     0.00  533.00    0.00  2132.00     0.00     8.00    60.68  114.35  114.35    0.00   1.02  54.20
bcache0           0.00     0.00  566.00    0.00  2264.00     0.00     8.00    64.84  114.56  114.56    0.00   1.00  56.80
bcache1           0.00     0.00  561.00    0.00  2244.00     0.00     8.00    63.58  113.33  113.33    0.00   0.98  55.20
bcache2           0.00     0.00  539.00    0.00  2156.00     0.00     8.00    64.87  120.35  120.35    0.00   1.01  54.40

avg-cpu:  %user   %nice %system %iowait  %steal   %idle
           0.09    0.00    0.60    8.18    0.00   91.13

Device:         rrqm/s   wrqm/s     r/s     w/s    rkB/s    wkB/s avgrq-sz avgqu-sz   await r_await w_await  svctm  %util
nvme0n1           0.00     0.00    8.00 1629.00    32.00  7184.00     8.82     0.00    0.02    0.50    0.02   0.54  88.80
sda               0.00     0.00    0.00    0.00     0.00     0.00     0.00     0.00    0.00    0.00    0.00   0.00   0.00
dm-0              0.00     0.00    0.00    0.00     0.00     0.00     0.00     0.00    0.00    0.00    0.00   0.00   0.00
dm-1              0.00     0.00    0.00    0.00     0.00     0.00     0.00     0.00    0.00    0.00    0.00   0.00   0.00
dm-2              0.00     0.00    0.00    0.00     0.00     0.00     0.00     0.00    0.00    0.00    0.00   0.00   0.00
sdb               0.00     0.00  531.00    0.00  2124.00     0.00     8.00    57.84  109.41  109.41    0.00   1.03  54.70
sdc               1.00     0.00  545.00    0.00  2184.00     0.00     8.01    60.95  112.33  112.33    0.00   1.03  56.20
sdd               0.00     0.00  525.00    0.00  2100.00     0.00     8.00    59.72  114.26  114.26    0.00   1.01  53.10
bcache0           0.00     0.00  530.00    0.00  2120.00     0.00     8.00    62.10  117.16  117.16    0.00   1.03  54.60
bcache1           0.00     0.00  548.00    0.00  2192.00     0.00     8.00    65.40  119.35  119.35    0.00   1.02  56.10
bcache2           0.00     0.00  523.00    0.00  2092.00     0.00     8.00    64.05  122.46  122.46    0.00   1.01  52.90

