Linux 5.2.4-1.el7.elrepo.x86_64 (sfx-010) 	08/02/2019 	_x86_64_	(32 CPU)

avg-cpu:  %user   %nice %system %iowait  %steal   %idle
           0.40    0.00    1.27    5.77    0.00   92.55

Device:         rrqm/s   wrqm/s     r/s     w/s    rkB/s    wkB/s avgrq-sz avgqu-sz   await r_await w_await  svctm  %util
nvme0n1           0.00    87.46 42957.53  450.07 171832.44  1873.17     8.00    19.22    0.76    0.76    0.04   0.01  30.58
sda               0.00     0.05    0.13    0.33     3.24     4.82    35.38     0.00    5.21    5.62    5.05   0.52   0.02
dm-0              0.00     0.00    0.11    0.38     2.87     5.02    32.28     0.00    5.08    5.86    4.85   0.46   0.02
dm-1              0.00     0.00    0.00    0.00     0.02     0.00    50.64     0.00   36.88   36.88    0.00   0.56   0.00
dm-2              0.00     0.00    0.02    0.00     0.26     0.04    31.38     0.00    3.65    3.27    6.41   0.59   0.00
sdb               0.01     0.00  134.40    0.10   539.56     0.40     8.03    16.79  125.30  125.26  174.47   1.04  13.99
sdc               0.01     0.01  141.47    3.29   567.86    13.20     8.03    17.66  122.47  125.13    8.12   1.03  14.84
sdd               0.01     0.02  142.78    3.27   573.10    13.13     8.03    17.83  122.55  125.16    8.60   1.02  14.87
bcache0           0.00     0.00    0.00    0.00     0.02     0.00    44.35     0.00    0.35    0.35    0.00   0.23   0.00
bcache1           0.00     0.00    0.00    0.00     0.02     0.00    44.35     0.00    0.23    0.23    0.00   0.22   0.00
bcache2           0.00     0.00    0.00    0.00     0.02     0.00    44.35     0.00    0.28    0.28    0.00   0.19   0.00

avg-cpu:  %user   %nice %system %iowait  %steal   %idle
           0.88    0.00    1.16    3.38    0.00   94.59

Device:         rrqm/s   wrqm/s     r/s     w/s    rkB/s    wkB/s avgrq-sz avgqu-sz   await r_await w_await  svctm  %util
nvme0n1           0.00     0.00    2.00  836.00     8.00  3838.00     9.18     0.00    0.02    0.50    0.02   0.53  44.00
sda               0.00     0.00    0.00    0.00     0.00     0.00     0.00     0.00    0.00    0.00    0.00   0.00   0.00
dm-0              0.00     0.00    0.00    0.00     0.00     0.00     0.00     0.00    0.00    0.00    0.00   0.00   0.00
dm-1              0.00     0.00    0.00    0.00     0.00     0.00     0.00     0.00    0.00    0.00    0.00   0.00   0.00
dm-2              0.00     0.00    0.00    0.00     0.00     0.00     0.00     0.00    0.00    0.00    0.00   0.00   0.00
sdb               0.00     0.00  275.00    0.00  1100.00     0.00     8.00    26.23   95.88   95.88    0.00   1.04  28.50
sdc               0.00     0.00  264.00    0.00  1056.00     0.00     8.00    25.61   97.46   97.46    0.00   1.05  27.60
sdd               0.00     0.00  282.00    0.00  1128.00     0.00     8.00    27.20   96.98   96.98    0.00   1.03  29.10
bcache0           0.00     0.00  340.00    0.00  1360.00     0.00     8.00    27.80   81.76   81.76    0.00   0.82  28.00
bcache1           0.00     0.00  333.00    0.00  1332.00     0.00     8.00    27.38   82.23   82.23    0.00   0.83  27.50
bcache2           0.00     0.00  349.00    0.00  1396.00     0.00     8.00    28.92   82.87   82.87    0.00   0.84  29.20

avg-cpu:  %user   %nice %system %iowait  %steal   %idle
           0.03    0.00    0.34    5.58    0.00   94.05

Device:         rrqm/s   wrqm/s     r/s     w/s    rkB/s    wkB/s avgrq-sz avgqu-sz   await r_await w_await  svctm  %util
nvme0n1           0.00     0.00    0.00 1648.00     0.00  6596.50     8.01     0.00    0.02    0.00    0.02   0.54  89.60
sda               0.00     0.00    0.00    0.00     0.00     0.00     0.00     0.00    0.00    0.00    0.00   0.00   0.00
dm-0              0.00     0.00    0.00    0.00     0.00     0.00     0.00     0.00    0.00    0.00    0.00   0.00   0.00
dm-1              0.00     0.00    0.00    0.00     0.00     0.00     0.00     0.00    0.00    0.00    0.00   0.00   0.00
dm-2              0.00     0.00    0.00    0.00     0.00     0.00     0.00     0.00    0.00    0.00    0.00   0.00   0.00
sdb               0.00     0.00  543.00    0.00  2172.00     0.00     8.00    58.93  109.01  109.01    0.00   1.01  54.90
sdc               0.00     0.00  552.00    0.00  2208.00     0.00     8.00    61.12  111.24  111.24    0.00   1.02  56.30
sdd               0.00     0.00  534.00    0.00  2136.00     0.00     8.00    57.36  107.91  107.91    0.00   1.01  54.00
bcache0           0.00     0.00  544.00    0.00  2176.00     0.00     8.00    63.52  116.77  116.77    0.00   1.01  55.00
bcache1           0.00     0.00  552.00    0.00  2208.00     0.00     8.00    65.23  118.18  118.18    0.00   1.03  56.60
bcache2           0.00     0.00  536.00    0.00  2144.00     0.00     8.00    61.55  114.82  114.82    0.00   1.01  54.10

avg-cpu:  %user   %nice %system %iowait  %steal   %idle
           0.06    0.00    0.38    5.26    0.00   94.30

Device:         rrqm/s   wrqm/s     r/s     w/s    rkB/s    wkB/s avgrq-sz avgqu-sz   await r_await w_await  svctm  %util
nvme0n1           0.00     0.00    4.00 1631.00    16.00  6524.00     8.00     0.00    0.02    0.25    0.02   0.56  90.90
sda               0.00     0.00    0.00    0.00     0.00     0.00     0.00     0.00    0.00    0.00    0.00   0.00   0.00
dm-0              0.00     0.00    0.00    0.00     0.00     0.00     0.00     0.00    0.00    0.00    0.00   0.00   0.00
dm-1              0.00     0.00    0.00    0.00     0.00     0.00     0.00     0.00    0.00    0.00    0.00   0.00   0.00
dm-2              0.00     0.00    0.00    0.00     0.00     0.00     0.00     0.00    0.00    0.00    0.00   0.00   0.00
sdb               0.00     0.00  540.00    0.00  2160.00     0.00     8.00    60.75  112.99  112.99    0.00   1.03  55.60
sdc               0.00     0.00  543.00    0.00  2172.00     0.00     8.00    59.39  109.87  109.87    0.00   1.03  55.90
sdd               0.00     0.00  528.00    0.00  2112.00     0.00     8.00    62.50  118.88  118.88    0.00   1.02  53.70
bcache0           0.00     0.00  537.00    0.00  2148.00     0.00     8.00    64.70  120.49  120.49    0.00   1.03  55.20
bcache1           0.00     0.00  537.00    0.00  2148.00     0.00     8.00    63.85  118.91  118.91    0.00   1.04  55.70
bcache2           0.00     0.00  530.00    0.00  2120.00     0.00     8.00    66.80  126.03  126.03    0.00   1.01  53.60

avg-cpu:  %user   %nice %system %iowait  %steal   %idle
           0.03    0.00    0.47    7.64    0.00   91.86

Device:         rrqm/s   wrqm/s     r/s     w/s    rkB/s    wkB/s avgrq-sz avgqu-sz   await r_await w_await  svctm  %util
nvme0n1           0.00     0.00    5.00 1633.00    20.00  7125.00     8.72     0.00    0.02    0.00    0.02   0.55  90.00
sda               0.00     0.00    0.00    0.00     0.00     0.00     0.00     0.00    0.00    0.00    0.00   0.00   0.00
dm-0              0.00     0.00    0.00    0.00     0.00     0.00     0.00     0.00    0.00    0.00    0.00   0.00   0.00
dm-1              0.00     0.00    0.00    0.00     0.00     0.00     0.00     0.00    0.00    0.00    0.00   0.00   0.00
dm-2              0.00     0.00    0.00    0.00     0.00     0.00     0.00     0.00    0.00    0.00    0.00   0.00   0.00
sdb               0.00     0.00  519.00    0.00  2076.00     0.00     8.00    60.68  117.41  117.41    0.00   1.02  53.00
sdc               0.00     0.00  533.00    0.00  2132.00     0.00     8.00    60.56  114.11  114.11    0.00   1.00  53.50
sdd               0.00     0.00  557.00    0.00  2228.00     0.00     8.00    58.75  105.97  105.97    0.00   1.03  57.30
bcache0           0.00     0.00  520.00    0.00  2080.00     0.00     8.00    65.12  125.23  125.23    0.00   1.02  52.80
bcache1           0.00     0.00  538.00    0.00  2152.00     0.00     8.00    64.55  119.98  119.98    0.00   0.99  53.10
bcache2           0.00     0.00  555.00    0.00  2220.00     0.00     8.00    63.15  113.78  113.78    0.00   1.03  57.30

avg-cpu:  %user   %nice %system %iowait  %steal   %idle
           0.06    0.00    0.41    6.60    0.00   92.93

Device:         rrqm/s   wrqm/s     r/s     w/s    rkB/s    wkB/s avgrq-sz avgqu-sz   await r_await w_await  svctm  %util
nvme0n1           0.00     0.00    5.00 1686.00    20.00  6744.50     8.00     0.00    0.02    0.20    0.02   0.54  91.80
sda               0.00     0.00    0.00    0.00     0.00     0.00     0.00     0.00    0.00    0.00    0.00   0.00   0.00
dm-0              0.00     0.00    0.00    0.00     0.00     0.00     0.00     0.00    0.00    0.00    0.00   0.00   0.00
dm-1              0.00     0.00    0.00    0.00     0.00     0.00     0.00     0.00    0.00    0.00    0.00   0.00   0.00
dm-2              0.00     0.00    0.00    0.00     0.00     0.00     0.00     0.00    0.00    0.00    0.00   0.00   0.00
sdb               0.00     0.00  564.00    0.00  2256.00     0.00     8.00    59.79  106.51  106.51    0.00   0.99  56.10
sdc               0.00     0.00  554.00    0.00  2216.00     0.00     8.00    60.51  109.74  109.74    0.00   1.01  55.90
sdd               0.00     0.00  547.00    0.00  2188.00     0.00     8.00    61.12  112.24  112.24    0.00   1.03  56.50
bcache0           0.00     0.00  570.00    0.00  2280.00     0.00     8.00    63.88  112.07  112.07    0.00   0.99  56.30
bcache1           0.00     0.00  555.00    0.00  2220.00     0.00     8.00    65.02  117.16  117.16    0.00   1.00  55.70
bcache2           0.00     0.00  552.00    0.00  2208.00     0.00     8.00    65.32  118.34  118.34    0.00   1.02  56.20

avg-cpu:  %user   %nice %system %iowait  %steal   %idle
           2.91    0.00    0.63   10.79    0.00   85.67

Device:         rrqm/s   wrqm/s     r/s     w/s    rkB/s    wkB/s avgrq-sz avgqu-sz   await r_await w_await  svctm  %util
nvme0n1           0.00     0.00   11.00 1691.00    44.00  7420.50     8.77     0.00    0.01    0.18    0.01   0.53  91.00
sda               0.00     0.00    0.00    2.00     0.00     8.00     8.00     0.00    0.00    0.00    0.00   0.50   0.10
dm-0              0.00     0.00    0.00    2.00     0.00     8.00     8.00     0.00    0.00    0.00    0.00   0.50   0.10
dm-1              0.00     0.00    0.00    0.00     0.00     0.00     0.00     0.00    0.00    0.00    0.00   0.00   0.00
dm-2              0.00     0.00    0.00    0.00     0.00     0.00     0.00     0.00    0.00    0.00    0.00   0.00   0.00
sdb               0.00     0.00  545.00    0.00  2180.00     0.00     8.00    60.13  110.82  110.82    0.00   1.01  55.10
sdc               0.00     0.00  549.00    0.00  2196.00     0.00     8.00    59.20  108.30  108.30    0.00   1.01  55.50
sdd               0.00     0.00  573.00    0.00  2292.00     0.00     8.00    59.38  104.13  104.13    0.00   1.03  59.00
bcache0           0.00     0.00  549.00    0.00  2196.00     0.00     8.00    64.54  117.55  117.55    0.00   1.01  55.20
bcache1           0.00     0.00  553.00    0.00  2212.00     0.00     8.00    63.42  114.69  114.69    0.00   1.01  55.60
bcache2           0.00     0.00  573.00    0.00  2292.00     0.00     8.00    63.73  111.23  111.23    0.00   1.02  58.20

avg-cpu:  %user   %nice %system %iowait  %steal   %idle
           1.47    0.00    0.63   12.74    0.00   85.16

Device:         rrqm/s   wrqm/s     r/s     w/s    rkB/s    wkB/s avgrq-sz avgqu-sz   await r_await w_await  svctm  %util
nvme0n1           0.00     0.00   11.00 1646.00    44.00  6776.00     8.23     0.00    0.02    0.18    0.02   0.54  89.00
sda               0.00     0.00    0.00    0.00     0.00     0.00     0.00     0.00    0.00    0.00    0.00   0.00   0.00
dm-0              0.00     0.00    0.00    0.00     0.00     0.00     0.00     0.00    0.00    0.00    0.00   0.00   0.00
dm-1              0.00     0.00    0.00    0.00     0.00     0.00     0.00     0.00    0.00    0.00    0.00   0.00   0.00
dm-2              0.00     0.00    0.00    0.00     0.00     0.00     0.00     0.00    0.00    0.00    0.00   0.00   0.00
sdb               0.00     0.00  543.00    0.00  2172.00     0.00     8.00    60.51  111.93  111.93    0.00   1.03  55.70
sdc               0.00     0.00  535.00    0.00  2140.00     0.00     8.00    59.84  112.35  112.35    0.00   1.02  54.40
sdd               0.00     0.00  544.00    0.00  2176.00     0.00     8.00    60.52  111.73  111.73    0.00   1.01  55.10
bcache0           0.00     0.00  548.00    0.00  2192.00     0.00     8.00    64.77  118.19  118.19    0.00   1.01  55.40
bcache1           0.00     0.00  539.00    0.00  2156.00     0.00     8.00    64.24  119.19  119.19    0.00   1.01  54.50
bcache2           0.00     0.00  548.00    0.00  2192.00     0.00     8.00    64.81  118.26  118.26    0.00   1.01  55.30

avg-cpu:  %user   %nice %system %iowait  %steal   %idle
           0.06    0.00    0.60   13.64    0.00   85.71

Device:         rrqm/s   wrqm/s     r/s     w/s    rkB/s    wkB/s avgrq-sz avgqu-sz   await r_await w_await  svctm  %util
nvme0n1           0.00     0.00    6.00 1646.00    24.00  7080.00     8.60     0.00    0.02    0.17    0.02   0.55  90.40
sda               0.00     0.00    0.00    0.00     0.00     0.00     0.00     0.00    0.00    0.00    0.00   0.00   0.00
dm-0              0.00     0.00    0.00    0.00     0.00     0.00     0.00     0.00    0.00    0.00    0.00   0.00   0.00
dm-1              0.00     0.00    0.00    0.00     0.00     0.00     0.00     0.00    0.00    0.00    0.00   0.00   0.00
dm-2              0.00     0.00    0.00    0.00     0.00     0.00     0.00     0.00    0.00    0.00    0.00   0.00   0.00
sdb               0.00     0.00  544.00    0.00  2176.00     0.00     8.00    60.71  112.10  112.10    0.00   1.01  54.80
sdc               0.00     0.00  541.00    0.00  2164.00     0.00     8.00    60.95  113.15  113.15    0.00   1.01  54.60
sdd               1.00     0.00  537.00    0.00  2152.00     0.00     8.01    60.28  112.74  112.74    0.00   1.03  55.40
bcache0           0.00     0.00  544.00    0.00  2176.00     0.00     8.00    65.00  119.48  119.48    0.00   1.01  55.00
bcache1           0.00     0.00  537.00    0.00  2148.00     0.00     8.00    65.01  121.07  121.07    0.00   1.01  54.40
bcache2           0.00     0.00  542.00    0.00  2168.00     0.00     8.00    64.46  118.94  118.94    0.00   1.01  55.00

