Linux 5.2.4-1.el7.elrepo.x86_64 (sfx-010) 	08/02/2019 	_x86_64_	(32 CPU)

avg-cpu:  %user   %nice %system %iowait  %steal   %idle
           0.60    0.00    1.90    5.29    0.00   92.21

Device:         rrqm/s   wrqm/s     r/s     w/s    rkB/s    wkB/s avgrq-sz avgqu-sz   await r_await w_await  svctm  %util
nvme0n1           0.00   133.00 66155.93  419.44 264627.21  1726.83     8.00    13.80    0.05    0.05    0.04   0.00  32.36
sda               0.00     0.07    0.09    0.40     2.41     5.16    30.61     0.00    4.89    5.62    4.72   0.49   0.02
dm-0              0.00     0.00    0.08    0.47     2.13     5.42    27.45     0.00    4.77    5.86    4.59   0.42   0.02
dm-1              0.00     0.00    0.00    0.00     0.02     0.00    50.64     0.00   36.88   36.88    0.00   0.56   0.00
dm-2              0.00     0.00    0.01    0.00     0.19     0.03    31.19     0.00    3.65    3.27    6.23   0.59   0.00
sdb               0.01     0.01  122.59    0.08   493.26     0.31     8.05    15.30  125.27  125.24  171.24   1.04  12.74
sdc               0.01     0.01  127.82    2.44   514.20     9.80     8.05    15.95  122.91  125.11    8.13   1.03  13.37
sdd               0.01     0.02  128.68    2.43   517.65     9.75     8.05    16.06  123.00  125.16    8.61   1.02  13.40
bcache0           0.00     0.00    0.00    0.00     0.02     0.00    44.35     0.00    0.31    0.31    0.00   0.24   0.00
bcache1           0.00     0.00    0.00    0.00     0.02     0.00    44.35     0.00    0.44    0.44    0.00   0.24   0.00
bcache2           0.00     0.00    0.00    0.00     0.02     0.00    44.35     0.00    0.25    0.25    0.00   0.19   0.00

avg-cpu:  %user   %nice %system %iowait  %steal   %idle
           0.78    0.00    1.28   14.54    0.00   83.40

Device:         rrqm/s   wrqm/s     r/s     w/s    rkB/s    wkB/s avgrq-sz avgqu-sz   await r_await w_await  svctm  %util
nvme0n1           0.00     0.00    0.00  743.00     0.00  3467.00     9.33     0.00    0.04    0.00    0.04   0.60  44.70
sda               0.00     0.00    0.00    0.00     0.00     0.00     0.00     0.00    0.00    0.00    0.00   0.00   0.00
dm-0              0.00     0.00    0.00    0.00     0.00     0.00     0.00     0.00    0.00    0.00    0.00   0.00   0.00
dm-1              0.00     0.00    0.00    0.00     0.00     0.00     0.00     0.00    0.00    0.00    0.00   0.00   0.00
dm-2              0.00     0.00    0.00    0.00     0.00     0.00     0.00     0.00    0.00    0.00    0.00   0.00   0.00
sdb               0.00     0.00  235.00    0.00   940.00     0.00     8.00    23.97  102.53  102.53    0.00   1.07  25.20
sdc               0.00     0.00  248.00    0.00   992.00     0.00     8.00    25.22  102.20  102.20    0.00   1.07  26.50
sdd               0.00     0.00  246.00    0.00   984.00     0.00     8.00    23.73   96.95   96.95    0.00   1.06  26.00
bcache0           0.00     0.00  300.00    0.00  1200.00     0.00     8.00    25.57   85.23   85.23    0.00   0.84  25.10
bcache1           0.00     0.00  316.00    0.00  1264.00     0.00     8.00    26.76   84.70   84.70    0.00   0.83  26.30
bcache2           0.00     0.00  309.00    0.00  1236.00     0.00     8.00    25.23   81.65   81.65    0.00   0.83  25.80

avg-cpu:  %user   %nice %system %iowait  %steal   %idle
           0.03    0.00    0.41   27.47    0.00   72.09

Device:         rrqm/s   wrqm/s     r/s     w/s    rkB/s    wkB/s avgrq-sz avgqu-sz   await r_await w_await  svctm  %util
nvme0n1           0.00     0.00    1.00 1469.00     4.00  5877.00     8.00     0.00    0.04    0.00    0.04   0.58  84.80
sda               0.00     0.00    0.00    0.00     0.00     0.00     0.00     0.00    0.00    0.00    0.00   0.00   0.00
dm-0              0.00     0.00    0.00    0.00     0.00     0.00     0.00     0.00    0.00    0.00    0.00   0.00   0.00
dm-1              0.00     0.00    0.00    0.00     0.00     0.00     0.00     0.00    0.00    0.00    0.00   0.00   0.00
dm-2              0.00     0.00    0.00    0.00     0.00     0.00     0.00     0.00    0.00    0.00    0.00   0.00   0.00
sdb               0.00     0.00  495.00    0.00  1980.00     0.00     8.00    62.34  126.44  126.44    0.00   1.03  51.10
sdc               0.00     0.00  491.00    0.00  1964.00     0.00     8.00    60.17  123.07  123.07    0.00   1.03  50.40
sdd               0.00     0.00  467.00    0.00  1868.00     0.00     8.00    62.12  133.53  133.53    0.00   1.02  47.60
bcache0           0.00     0.00  496.00    0.00  1984.00     0.00     8.00    66.68  134.43  134.43    0.00   1.02  50.50
bcache1           0.00     0.00  489.00    0.00  1956.00     0.00     8.00    64.46  131.83  131.83    0.00   1.02  50.10
bcache2           0.00     0.00  472.00    0.00  1888.00     0.00     8.00    66.45  140.79  140.79    0.00   1.01  47.50

avg-cpu:  %user   %nice %system %iowait  %steal   %idle
           0.06    0.00    0.53   24.92    0.00   74.48

Device:         rrqm/s   wrqm/s     r/s     w/s    rkB/s    wkB/s avgrq-sz avgqu-sz   await r_await w_await  svctm  %util
nvme0n1           0.00     0.00    2.00 1437.00     8.00  5747.00     8.00     0.00    0.04    0.00    0.04   0.60  85.80
sda               0.00     0.00    0.00    5.00     0.00    20.00     8.00     0.00    0.40    0.00    0.40   0.20   0.10
dm-0              0.00     0.00    0.00    5.00     0.00    20.00     8.00     0.00    0.00    0.00    0.00   0.20   0.10
dm-1              0.00     0.00    0.00    0.00     0.00     0.00     0.00     0.00    0.00    0.00    0.00   0.00   0.00
dm-2              0.00     0.00    0.00    0.00     0.00     0.00     0.00     0.00    0.00    0.00    0.00   0.00   0.00
sdb               0.00     0.00  480.00    0.00  1920.00     0.00     8.00    59.53  124.54  124.54    0.00   1.03  49.50
sdc               0.00     0.00  469.00    0.00  1876.00     0.00     8.00    58.88  126.05  126.05    0.00   1.05  49.10
sdd               0.00     0.00  469.00    0.00  1876.00     0.00     8.00    59.07  126.48  126.48    0.00   1.04  48.80
bcache0           0.00     0.00  480.00    0.00  1920.00     0.00     8.00    63.81  132.94  132.94    0.00   1.02  49.20
bcache1           0.00     0.00  474.00    0.00  1896.00     0.00     8.00    63.17  133.27  133.27    0.00   1.02  48.30
bcache2           0.00     0.00  464.00    0.00  1856.00     0.00     8.00    63.19  136.19  136.19    0.00   1.04  48.40

avg-cpu:  %user   %nice %system %iowait  %steal   %idle
           0.06    0.00    0.50   25.28    0.00   74.15

Device:         rrqm/s   wrqm/s     r/s     w/s    rkB/s    wkB/s avgrq-sz avgqu-sz   await r_await w_await  svctm  %util
nvme0n1           0.00     0.00    2.00 1476.00     8.00  6399.50     8.67     0.00    0.04    0.00    0.04   0.58  85.40
sda               0.00     0.00    0.00    0.00     0.00     0.00     0.00     0.00    0.00    0.00    0.00   0.00   0.00
dm-0              0.00     0.00    0.00    0.00     0.00     0.00     0.00     0.00    0.00    0.00    0.00   0.00   0.00
dm-1              0.00     0.00    0.00    0.00     0.00     0.00     0.00     0.00    0.00    0.00    0.00   0.00   0.00
dm-2              0.00     0.00    0.00    0.00     0.00     0.00     0.00     0.00    0.00    0.00    0.00   0.00   0.00
sdb               0.00     0.00  494.00    0.00  1976.00     0.00     8.00    58.45  118.82  118.82    0.00   1.02  50.20
sdc               0.00     0.00  486.00    0.00  1944.00     0.00     8.00    60.71  125.43  125.43    0.00   1.04  50.40
sdd               0.00     0.00  474.00    0.00  1896.00     0.00     8.00    60.67  128.51  128.51    0.00   1.03  49.00
bcache0           0.00     0.00  496.00    0.00  1984.00     0.00     8.00    62.69  126.39  126.39    0.00   1.00  49.80
bcache1           0.00     0.00  481.00    0.00  1924.00     0.00     8.00    65.02  135.18  135.18    0.00   1.05  50.40
bcache2           0.00     0.00  473.00    0.00  1892.00     0.00     8.00    64.85  137.11  137.11    0.00   1.03  48.70

avg-cpu:  %user   %nice %system %iowait  %steal   %idle
           0.06    0.00    0.50   23.46    0.00   75.98

Device:         rrqm/s   wrqm/s     r/s     w/s    rkB/s    wkB/s avgrq-sz avgqu-sz   await r_await w_await  svctm  %util
nvme0n1           0.00     0.00    2.00 1480.00     8.00  6018.50     8.13     0.00    0.04    0.50    0.04   0.58  86.40
sda               0.00     0.00    0.00    0.00     0.00     0.00     0.00     0.00    0.00    0.00    0.00   0.00   0.00
dm-0              0.00     0.00    0.00    0.00     0.00     0.00     0.00     0.00    0.00    0.00    0.00   0.00   0.00
dm-1              0.00     0.00    0.00    0.00     0.00     0.00     0.00     0.00    0.00    0.00    0.00   0.00   0.00
dm-2              0.00     0.00    0.00    0.00     0.00     0.00     0.00     0.00    0.00    0.00    0.00   0.00   0.00
sdb               0.00     0.00  467.00    0.00  1868.00     0.00     8.00    61.12  131.37  131.37    0.00   1.04  48.80
sdc               1.00     0.00  517.00    0.00  2072.00     0.00     8.02    61.14  118.76  118.76    0.00   1.03  53.30
sdd               0.00     0.00  478.00    0.00  1912.00     0.00     8.00    60.06  126.14  126.14    0.00   1.03  49.40
bcache0           0.00     0.00  464.00    0.00  1856.00     0.00     8.00    65.22  140.55  140.55    0.00   1.03  48.00
bcache1           0.00     0.00  523.00    0.00  2092.00     0.00     8.00    65.52  125.27  125.27    0.00   1.02  53.20
bcache2           0.00     0.00  480.00    0.00  1920.00     0.00     8.00    64.45  134.28  134.28    0.00   1.02  49.20

