Linux 5.2.4-1.el7.elrepo.x86_64 (sfx-010) 	08/02/2019 	_x86_64_	(32 CPU)

avg-cpu:  %user   %nice %system %iowait  %steal   %idle
           0.36    0.00    1.15    6.02    0.00   92.47

Device:         rrqm/s   wrqm/s     r/s     w/s    rkB/s    wkB/s avgrq-sz avgqu-sz   await r_await w_await  svctm  %util
nvme0n1           0.00   119.28 37794.42  465.24 151180.83  1925.70     8.00    16.88    0.75    0.76    0.04   0.01  30.49
sda               0.00     0.07    0.11    0.36     2.83     5.16    33.98     0.00    5.27    5.62    5.17   0.50   0.02
dm-0              0.00     0.00    0.09    0.43     2.51     5.41    30.43     0.00    5.13    5.86    4.96   0.44   0.02
dm-1              0.00     0.00    0.00    0.00     0.02     0.00    50.64     0.00   36.88   36.88    0.00   0.56   0.00
dm-2              0.00     0.00    0.01    0.00     0.23     0.04    31.38     0.00    3.65    3.27    6.41   0.59   0.00
sdb               0.01     0.01  137.82    0.09   553.90     0.36     8.04    17.34  126.23  126.20  172.75   1.04  14.32
sdc               0.01     0.01  143.98    2.88   578.55    11.53     8.04    18.10  123.75  126.06    8.13   1.03  15.06
sdd               0.01     0.02  144.99    2.86   582.61    11.47     8.04    18.23  123.80  126.07    8.60   1.02  15.10
bcache0           0.00     0.00    0.00    0.00     0.02     0.00    44.35     0.00    0.32    0.32    0.00   0.25   0.00
bcache1           0.00     0.00    0.00    0.00     0.02     0.00    44.35     0.00    0.31    0.31    0.00   0.22   0.00
bcache2           0.00     0.00    0.00    0.00     0.02     0.00    44.35     0.00    0.25    0.25    0.00   0.19   0.00

avg-cpu:  %user   %nice %system %iowait  %steal   %idle
           0.88    0.00    1.22    6.13    0.00   91.77

Device:         rrqm/s   wrqm/s     r/s     w/s    rkB/s    wkB/s avgrq-sz avgqu-sz   await r_await w_await  svctm  %util
nvme0n1           0.00     0.00    2.00  788.00     8.00  3647.50     9.25     0.00    0.02    0.00    0.02   0.57  44.70
sda               0.00     0.00    0.00    0.00     0.00     0.00     0.00     0.00    0.00    0.00    0.00   0.00   0.00
dm-0              0.00     0.00    0.00    0.00     0.00     0.00     0.00     0.00    0.00    0.00    0.00   0.00   0.00
dm-1              0.00     0.00    0.00    0.00     0.00     0.00     0.00     0.00    0.00    0.00    0.00   0.00   0.00
dm-2              0.00     0.00    0.00    0.00     0.00     0.00     0.00     0.00    0.00    0.00    0.00   0.00   0.00
sdb               0.00     0.00  260.00    0.00  1040.00     0.00     8.00    25.58   98.90   98.90    0.00   1.06  27.50
sdc               0.00     0.00  262.00    0.00  1048.00     0.00     8.00    25.63   98.34   98.34    0.00   1.03  27.10
sdd               0.00     0.00  252.00    0.00  1008.00     0.00     8.00    25.24  100.65  100.65    0.00   1.07  27.00
bcache0           0.00     0.00  324.00    0.00  1296.00     0.00     8.00    27.13   83.74   83.74    0.00   0.85  27.60
bcache1           0.00     0.00  325.00    0.00  1300.00     0.00     8.00    27.21   83.73   83.73    0.00   0.83  27.00
bcache2           0.00     0.00  317.00    0.00  1268.00     0.00     8.00    26.79   84.51   84.51    0.00   0.84  26.60

avg-cpu:  %user   %nice %system %iowait  %steal   %idle
           0.06    0.00    0.41   10.40    0.00   89.13

Device:         rrqm/s   wrqm/s     r/s     w/s    rkB/s    wkB/s avgrq-sz avgqu-sz   await r_await w_await  svctm  %util
nvme0n1           0.00     0.00    1.00 1515.00     4.00  6062.00     8.00     0.00    0.02    3.00    0.02   0.56  85.40
sda               0.00     0.00    0.00    6.00     0.00    24.00     8.00     0.00    0.33    0.00    0.33   0.17   0.10
dm-0              0.00     0.00    0.00    6.00     0.00    24.00     8.00     0.00    0.00    0.00    0.00   0.17   0.10
dm-1              0.00     0.00    0.00    0.00     0.00     0.00     0.00     0.00    0.00    0.00    0.00   0.00   0.00
dm-2              0.00     0.00    0.00    0.00     0.00     0.00     0.00     0.00    0.00    0.00    0.00   0.00   0.00
sdb               0.00     0.00  512.00    0.00  2048.00     0.00     8.00    60.29  118.25  118.25    0.00   1.04  53.10
sdc               0.00     0.00  492.00    0.00  1968.00     0.00     8.00    60.40  123.29  123.29    0.00   1.02  50.40
sdd               0.00     0.00  495.00    0.00  1980.00     0.00     8.00    59.97  121.65  121.65    0.00   1.01  50.20
bcache0           0.00     0.00  512.00    0.00  2048.00     0.00     8.00    64.55  126.08  126.08    0.00   1.04  53.20
bcache1           0.00     0.00  497.00    0.00  1988.00     0.00     8.00    64.51  129.80  129.80    0.00   1.01  50.20
bcache2           0.00     0.00  496.00    0.00  1984.00     0.00     8.00    64.25  129.54  129.54    0.00   1.01  50.20

avg-cpu:  %user   %nice %system %iowait  %steal   %idle
           0.06    0.00    0.44   10.62    0.00   88.88

Device:         rrqm/s   wrqm/s     r/s     w/s    rkB/s    wkB/s avgrq-sz avgqu-sz   await r_await w_await  svctm  %util
nvme0n1           0.00     0.00    2.00 1565.00     8.00  6260.00     8.00     0.00    0.02    0.00    0.02   0.55  86.40
sda               0.00     0.00    0.00    0.00     0.00     0.00     0.00     0.00    0.00    0.00    0.00   0.00   0.00
dm-0              0.00     0.00    0.00    0.00     0.00     0.00     0.00     0.00    0.00    0.00    0.00   0.00   0.00
dm-1              0.00     0.00    0.00    0.00     0.00     0.00     0.00     0.00    0.00    0.00    0.00   0.00   0.00
dm-2              0.00     0.00    0.00    0.00     0.00     0.00     0.00     0.00    0.00    0.00    0.00   0.00   0.00
sdb               0.00     0.00  512.00    0.00  2048.00     0.00     8.00    60.45  118.57  118.57    0.00   1.01  51.80
sdc               0.00     0.00  527.00    0.00  2108.00     0.00     8.00    58.95  112.34  112.34    0.00   1.03  54.30
sdd               0.00     0.00  505.00    0.00  2020.00     0.00     8.00    60.73  120.73  120.73    0.00   1.03  52.20
bcache0           0.00     0.00  513.00    0.00  2052.00     0.00     8.00    64.94  126.58  126.58    0.00   1.01  51.90
bcache1           0.00     0.00  529.00    0.00  2116.00     0.00     8.00    63.23  119.53  119.53    0.00   1.02  54.00
bcache2           0.00     0.00  504.00    0.00  2016.00     0.00     8.00    65.05  129.06  129.06    0.00   1.03  51.70

avg-cpu:  %user   %nice %system %iowait  %steal   %idle
           0.06    0.00    0.44   10.46    0.00   89.04

Device:         rrqm/s   wrqm/s     r/s     w/s    rkB/s    wkB/s avgrq-sz avgqu-sz   await r_await w_await  svctm  %util
nvme0n1           0.00     0.00    4.00 1521.00    16.00  6677.00     8.78     0.00    0.02    0.25    0.02   0.58  87.80
sda               0.00     0.00    0.00    0.00     0.00     0.00     0.00     0.00    0.00    0.00    0.00   0.00   0.00
dm-0              0.00     0.00    0.00    0.00     0.00     0.00     0.00     0.00    0.00    0.00    0.00   0.00   0.00
dm-1              0.00     0.00    0.00    0.00     0.00     0.00     0.00     0.00    0.00    0.00    0.00   0.00   0.00
dm-2              0.00     0.00    0.00    0.00     0.00     0.00     0.00     0.00    0.00    0.00    0.00   0.00   0.00
sdb               0.00     0.00  498.00    0.00  1992.00     0.00     8.00    59.28  119.54  119.54    0.00   1.01  50.10
sdc               0.00     0.00  494.00    0.00  1976.00     0.00     8.00    60.99  123.97  123.97    0.00   1.02  50.40
sdd               0.00     0.00  506.00    0.00  2024.00     0.00     8.00    60.33  119.73  119.73    0.00   1.03  52.10
bcache0           0.00     0.00  496.00    0.00  1984.00     0.00     8.00    63.49  128.01  128.01    0.00   1.01  50.10
bcache1           0.00     0.00  489.00    0.00  1956.00     0.00     8.00    65.36  133.65  133.65    0.00   1.03  50.40
bcache2           0.00     0.00  507.00    0.00  2028.00     0.00     8.00    64.46  127.15  127.15    0.00   1.02  51.60

avg-cpu:  %user   %nice %system %iowait  %steal   %idle
           0.06    0.00    0.41   11.75    0.00   87.78

Device:         rrqm/s   wrqm/s     r/s     w/s    rkB/s    wkB/s avgrq-sz avgqu-sz   await r_await w_await  svctm  %util
nvme0n1           0.00     0.00    2.00 1554.00     8.00  6214.50     8.00     0.00    0.02    0.00    0.02   0.56  87.00
sda               0.00     0.00    0.00    0.00     0.00     0.00     0.00     0.00    0.00    0.00    0.00   0.00   0.00
dm-0              0.00     0.00    0.00    0.00     0.00     0.00     0.00     0.00    0.00    0.00    0.00   0.00   0.00
dm-1              0.00     0.00    0.00    0.00     0.00     0.00     0.00     0.00    0.00    0.00    0.00   0.00   0.00
dm-2              0.00     0.00    0.00    0.00     0.00     0.00     0.00     0.00    0.00    0.00    0.00   0.00   0.00
sdb               0.00     0.00  522.00    0.00  2088.00     0.00     8.00    61.03  117.39  117.39    0.00   1.02  53.00
sdc               0.00     0.00  504.00    0.00  2016.00     0.00     8.00    59.81  119.17  119.17    0.00   1.03  51.90
sdd               0.00     0.00  509.00    0.00  2036.00     0.00     8.00    59.94  118.25  118.25    0.00   1.03  52.50
bcache0           0.00     0.00  528.00    0.00  2112.00     0.00     8.00    65.18  123.45  123.45    0.00   1.00  53.00
bcache1           0.00     0.00  507.00    0.00  2028.00     0.00     8.00    64.21  126.64  126.64    0.00   1.02  51.80
bcache2           0.00     0.00  512.00    0.00  2048.00     0.00     8.00    64.23  125.46  125.46    0.00   1.02  52.10

