Linux 5.2.4-1.el7.elrepo.x86_64 (sfx-010) 	08/02/2019 	_x86_64_	(32 CPU)

avg-cpu:  %user   %nice %system %iowait  %steal   %idle
           0.36    0.00    1.15    6.03    0.00   92.46

Device:         rrqm/s   wrqm/s     r/s     w/s    rkB/s    wkB/s avgrq-sz avgqu-sz   await r_await w_await  svctm  %util
nvme0n1           0.00   108.39 37895.31  463.19 151584.08  1921.03     8.00    16.93    0.75    0.76    0.04   0.01  30.53
sda               0.00     0.06    0.11    0.35     2.84     5.04    34.22     0.00    5.25    5.62    5.13   0.51   0.02
dm-0              0.00     0.00    0.09    0.41     2.52     5.27    30.94     0.00    5.12    5.86    4.95   0.44   0.02
dm-1              0.00     0.00    0.00    0.00     0.02     0.00    50.64     0.00   36.88   36.88    0.00   0.56   0.00
dm-2              0.00     0.00    0.01    0.00     0.23     0.04    31.38     0.00    3.65    3.27    6.41   0.59   0.00
sdb               0.01     0.01  137.97    0.09   554.27     0.36     8.03    17.36  126.25  126.22  173.25   1.04  14.33
sdc               0.01     0.01  144.15    2.88   578.99    11.56     8.03    18.13  123.77  126.09    8.13   1.03  15.08
sdd               0.01     0.02  145.16    2.87   583.06    11.50     8.03    18.26  123.82  126.10    8.61   1.02  15.11
bcache0           0.00     0.00    0.00    0.00     0.02     0.00    44.35     0.00    0.20    0.20    0.00   0.21   0.00
bcache1           0.00     0.00    0.00    0.00     0.02     0.00    44.35     0.00    0.27    0.27    0.00   0.24   0.00
bcache2           0.00     0.00    0.00    0.00     0.02     0.00    44.35     0.00    0.24    0.24    0.00   0.19   0.00

avg-cpu:  %user   %nice %system %iowait  %steal   %idle
           0.84    0.00    1.22    4.25    0.00   93.68

Device:         rrqm/s   wrqm/s     r/s     w/s    rkB/s    wkB/s avgrq-sz avgqu-sz   await r_await w_await  svctm  %util
nvme0n1           0.00     0.00    2.00  847.00     8.00  3883.00     9.17     0.00    0.01    0.00    0.01   0.55  46.30
sda               0.00     0.00    0.00    0.00     0.00     0.00     0.00     0.00    0.00    0.00    0.00   0.00   0.00
dm-0              0.00     0.00    0.00    0.00     0.00     0.00     0.00     0.00    0.00    0.00    0.00   0.00   0.00
dm-1              0.00     0.00    0.00    0.00     0.00     0.00     0.00     0.00    0.00    0.00    0.00   0.00   0.00
dm-2              0.00     0.00    0.00    0.00     0.00     0.00     0.00     0.00    0.00    0.00    0.00   0.00   0.00
sdb               0.00     0.00  287.00    0.00  1148.00     0.00     8.00    26.37   92.38   92.38    0.00   1.05  30.20
sdc               0.00     0.00  278.00    0.00  1112.00     0.00     8.00    26.09   94.36   94.36    0.00   1.06  29.40
sdd               0.00     0.00  267.00    0.00  1068.00     0.00     8.00    25.14   94.67   94.67    0.00   1.05  28.10
bcache0           0.00     0.00  354.00    0.00  1416.00     0.00     8.00    28.14   79.51   79.51    0.00   0.85  30.10
bcache1           0.00     0.00  342.00    0.00  1368.00     0.00     8.00    27.80   81.30   81.30    0.00   0.86  29.30
bcache2           0.00     0.00  333.00    0.00  1332.00     0.00     8.00    26.70   80.17   80.17    0.00   0.84  27.90

avg-cpu:  %user   %nice %system %iowait  %steal   %idle
           0.03    0.00    0.28    5.27    0.00   94.42

Device:         rrqm/s   wrqm/s     r/s     w/s    rkB/s    wkB/s avgrq-sz avgqu-sz   await r_await w_await  svctm  %util
nvme0n1           0.00     0.00    1.00 1652.00     4.00  6612.50     8.01     0.00    0.02    0.00    0.02   0.54  89.70
sda               0.00     0.00    0.00    0.00     0.00     0.00     0.00     0.00    0.00    0.00    0.00   0.00   0.00
dm-0              0.00     0.00    0.00    0.00     0.00     0.00     0.00     0.00    0.00    0.00    0.00   0.00   0.00
dm-1              0.00     0.00    0.00    0.00     0.00     0.00     0.00     0.00    0.00    0.00    0.00   0.00   0.00
dm-2              0.00     0.00    0.00    0.00     0.00     0.00     0.00     0.00    0.00    0.00    0.00   0.00   0.00
sdb               0.00     0.00  535.00    0.00  2140.00     0.00     8.00    59.30  111.34  111.34    0.00   1.02  54.40
sdc               0.00     0.00  551.00    0.00  2204.00     0.00     8.00    59.84  109.10  109.10    0.00   1.02  56.40
sdd               0.00     0.00  547.00    0.00  2188.00     0.00     8.00    61.03  112.07  112.07    0.00   1.02  55.60
bcache0           0.00     0.00  531.00    0.00  2124.00     0.00     8.00    63.54  119.67  119.67    0.00   1.02  53.90
bcache1           0.00     0.00  552.00    0.00  2208.00     0.00     8.00    63.97  115.89  115.89    0.00   1.02  56.30
bcache2           0.00     0.00  544.00    0.00  2176.00     0.00     8.00    65.32  120.07  120.07    0.00   1.02  55.70

avg-cpu:  %user   %nice %system %iowait  %steal   %idle
           0.06    0.00    0.34    5.58    0.00   94.02

Device:         rrqm/s   wrqm/s     r/s     w/s    rkB/s    wkB/s avgrq-sz avgqu-sz   await r_await w_await  svctm  %util
nvme0n1           0.00     0.00    6.00 1645.00    24.00  6579.00     8.00     0.00    0.02    0.17    0.02   0.55  90.20
sda               0.00     0.00    0.00    5.00     0.00    20.00     8.00     0.00    0.20    0.00    0.20   0.20   0.10
dm-0              0.00     0.00    0.00    5.00     0.00    20.00     8.00     0.00    0.00    0.00    0.00   0.20   0.10
dm-1              0.00     0.00    0.00    0.00     0.00     0.00     0.00     0.00    0.00    0.00    0.00   0.00   0.00
dm-2              0.00     0.00    0.00    0.00     0.00     0.00     0.00     0.00    0.00    0.00    0.00   0.00   0.00
sdb               0.00     0.00  538.00    0.00  2152.00     0.00     8.00    59.32  110.75  110.75    0.00   1.01  54.30
sdc               0.00     0.00  536.00    0.00  2144.00     0.00     8.00    60.75  113.84  113.84    0.00   1.02  54.90
sdd               0.00     0.00  551.00    0.00  2204.00     0.00     8.00    59.60  108.67  108.67    0.00   1.02  56.30
bcache0           0.00     0.00  545.00    0.00  2180.00     0.00     8.00    63.62  116.72  116.72    0.00   0.99  53.90
bcache1           0.00     0.00  539.00    0.00  2156.00     0.00     8.00    65.12  120.81  120.81    0.00   1.01  54.50
bcache2           0.00     0.00  554.00    0.00  2216.00     0.00     8.00    64.10  115.70  115.70    0.00   1.01  56.00

avg-cpu:  %user   %nice %system %iowait  %steal   %idle
           0.06    0.00    0.34    5.42    0.00   94.17

Device:         rrqm/s   wrqm/s     r/s     w/s    rkB/s    wkB/s avgrq-sz avgqu-sz   await r_await w_await  svctm  %util
nvme0n1           0.00     0.00    8.00 1664.00    32.00  7264.00     8.73     0.00    0.02    0.12    0.02   0.54  89.60
sda               0.00     0.00    0.00    0.00     0.00     0.00     0.00     0.00    0.00    0.00    0.00   0.00   0.00
dm-0              0.00     0.00    0.00    0.00     0.00     0.00     0.00     0.00    0.00    0.00    0.00   0.00   0.00
dm-1              0.00     0.00    0.00    0.00     0.00     0.00     0.00     0.00    0.00    0.00    0.00   0.00   0.00
dm-2              0.00     0.00    0.00    0.00     0.00     0.00     0.00     0.00    0.00    0.00    0.00   0.00   0.00
sdb               0.00     0.00  547.00    0.00  2188.00     0.00     8.00    60.36  110.86  110.86    0.00   1.01  55.30
sdc               1.00     0.00  543.00    0.00  2176.00     0.00     8.01    59.50  110.08  110.08    0.00   1.02  55.20
sdd               0.00     0.00  549.00    0.00  2196.00     0.00     8.00    60.81  111.30  111.30    0.00   1.01  55.50
bcache0           0.00     0.00  545.00    0.00  2180.00     0.00     8.00    64.51  118.36  118.36    0.00   1.01  55.20
bcache1           0.00     0.00  546.00    0.00  2184.00     0.00     8.00    63.60  116.49  116.49    0.00   1.01  55.10
bcache2           0.00     0.00  558.00    0.00  2232.00     0.00     8.00    64.90  116.32  116.32    0.00   0.99  55.20

avg-cpu:  %user   %nice %system %iowait  %steal   %idle
           0.06    0.00    0.38    6.74    0.00   92.83

Device:         rrqm/s   wrqm/s     r/s     w/s    rkB/s    wkB/s avgrq-sz avgqu-sz   await r_await w_await  svctm  %util
nvme0n1           0.00     0.00    5.00 1688.00    20.00  6756.50     8.01     0.00    0.02    0.20    0.02   0.54  90.60
sda               0.00     3.00    0.00   32.00     0.00   408.00    25.50     0.60   19.28    0.00   19.28   0.22   0.70
dm-0              0.00     0.00    0.00   35.00     0.00   464.00    26.51     0.69   19.80    0.00   19.80   0.20   0.70
dm-1              0.00     0.00    0.00    0.00     0.00     0.00     0.00     0.00    0.00    0.00    0.00   0.00   0.00
dm-2              0.00     0.00    0.00    0.00     0.00     0.00     0.00     0.00    0.00    0.00    0.00   0.00   0.00
sdb               0.00     0.00  552.00    0.00  2208.00     0.00     8.00    62.00  112.82  112.82    0.00   1.03  57.10
sdc               0.00     0.00  570.00    0.00  2280.00     0.00     8.00    60.54  106.71  106.71    0.00   1.02  58.20
sdd               0.00     0.00  547.00    0.00  2188.00     0.00     8.00    60.08  110.34  110.34    0.00   1.01  55.40
bcache0           0.00     0.00  552.00    0.00  2208.00     0.00     8.00    66.43  120.34  120.34    0.00   1.03  56.80
bcache1           0.00     0.00  570.00    0.00  2280.00     0.00     8.00    65.15  114.30  114.30    0.00   1.01  57.80
bcache2           0.00     0.00  547.00    0.00  2188.00     0.00     8.00    64.54  117.99  117.99    0.00   1.01  55.30

