Linux 5.2.4-1.el7.elrepo.x86_64 (sfx-010) 	08/02/2019 	_x86_64_	(32 CPU)

avg-cpu:  %user   %nice %system %iowait  %steal   %idle
           0.36    0.00    1.15    6.02    0.00   92.48

Device:         rrqm/s   wrqm/s     r/s     w/s    rkB/s    wkB/s avgrq-sz avgqu-sz   await r_await w_await  svctm  %util
nvme0n1           0.00   124.71 37745.27  466.23 150984.36  1927.89     8.00    16.86    0.75    0.76    0.04   0.01  30.46
sda               0.00     0.07    0.11    0.37     2.83     5.23    33.87     0.00    5.29    5.62    5.19   0.50   0.02
dm-0              0.00     0.00    0.09    0.43     2.51     5.48    30.18     0.00    5.16    5.86    5.01   0.43   0.02
dm-1              0.00     0.00    0.00    0.00     0.02     0.00    50.64     0.00   36.88   36.88    0.00   0.56   0.00
dm-2              0.00     0.00    0.01    0.00     0.23     0.04    31.38     0.00    3.65    3.27    6.41   0.59   0.00
sdb               0.01     0.01  137.73    0.09   553.67     0.36     8.04    17.33  126.22  126.19  172.51   1.04  14.31
sdc               0.01     0.01  143.88    2.87   578.29    11.52     8.04    18.09  123.75  126.05    8.13   1.03  15.05
sdd               0.01     0.02  144.89    2.86   582.34    11.46     8.04    18.22  123.79  126.06    8.60   1.02  15.09
bcache0           0.00     0.00    0.00    0.00     0.02     0.00    44.35     0.00    0.24    0.24    0.00   0.23   0.00
bcache1           0.00     0.00    0.00    0.00     0.02     0.00    44.35     0.00    0.41    0.41    0.00   0.25   0.00
bcache2           0.00     0.00    0.00    0.00     0.02     0.00    44.35     0.00    0.28    0.28    0.00   0.20   0.00

avg-cpu:  %user   %nice %system %iowait  %steal   %idle
           0.75    0.00    1.16    3.38    0.00   94.70

Device:         rrqm/s   wrqm/s     r/s     w/s    rkB/s    wkB/s avgrq-sz avgqu-sz   await r_await w_await  svctm  %util
nvme0n1           0.00     0.00    1.00  762.00     4.00  3542.50     9.30     0.00    0.02    0.00    0.02   0.56  43.10
sda               0.00     0.00    0.00    0.00     0.00     0.00     0.00     0.00    0.00    0.00    0.00   0.00   0.00
dm-0              0.00     0.00    0.00    0.00     0.00     0.00     0.00     0.00    0.00    0.00    0.00   0.00   0.00
dm-1              0.00     0.00    0.00    0.00     0.00     0.00     0.00     0.00    0.00    0.00    0.00   0.00   0.00
dm-2              0.00     0.00    0.00    0.00     0.00     0.00     0.00     0.00    0.00    0.00    0.00   0.00   0.00
sdb               0.00     0.00  254.00    0.00  1016.00     0.00     8.00    25.63  101.42  101.42    0.00   1.06  26.90
sdc               0.00     0.00  244.00    0.00   976.00     0.00     8.00    25.80  106.21  106.21    0.00   1.05  25.50
sdd               0.00     0.00  250.00    0.00  1000.00     0.00     8.00    25.32  101.77  101.77    0.00   1.04  26.00
bcache0           0.00     0.00  316.00    0.00  1264.00     0.00     8.00    27.19   86.03   86.03    0.00   0.85  26.80
bcache1           0.00     0.00  308.00    0.00  1232.00     0.00     8.00    27.41   88.98   88.98    0.00   0.82  25.40
bcache2           0.00     0.00  317.00    0.00  1268.00     0.00     8.00    26.82   84.61   84.61    0.00   0.81  25.70

avg-cpu:  %user   %nice %system %iowait  %steal   %idle
           0.06    0.00    0.41    8.23    0.00   91.30

Device:         rrqm/s   wrqm/s     r/s     w/s    rkB/s    wkB/s avgrq-sz avgqu-sz   await r_await w_await  svctm  %util
nvme0n1           0.00     0.00    0.00 1510.00     0.00  6044.50     8.01     0.00    0.02    0.00    0.02   0.59  89.20
sda               0.00     0.00    0.00    0.00     0.00     0.00     0.00     0.00    0.00    0.00    0.00   0.00   0.00
dm-0              0.00     0.00    0.00    0.00     0.00     0.00     0.00     0.00    0.00    0.00    0.00   0.00   0.00
dm-1              0.00     0.00    0.00    0.00     0.00     0.00     0.00     0.00    0.00    0.00    0.00   0.00   0.00
dm-2              0.00     0.00    0.00    0.00     0.00     0.00     0.00     0.00    0.00    0.00    0.00   0.00   0.00
sdb               0.00     0.00  496.00    0.00  1984.00     0.00     8.00    59.69  120.85  120.85    0.00   1.02  50.80
sdc               0.00     0.00  495.00    0.00  1980.00     0.00     8.00    59.52  120.74  120.74    0.00   1.02  50.50
sdd               0.00     0.00  502.00    0.00  2008.00     0.00     8.00    60.60  121.24  121.24    0.00   1.02  51.30
bcache0           0.00     0.00  496.00    0.00  1984.00     0.00     8.00    64.04  129.11  129.11    0.00   1.02  50.70
bcache1           0.00     0.00  496.00    0.00  1984.00     0.00     8.00    63.80  128.63  128.63    0.00   1.01  50.20
bcache2           0.00     0.00  504.00    0.00  2016.00     0.00     8.00    64.91  128.78  128.78    0.00   1.02  51.30

avg-cpu:  %user   %nice %system %iowait  %steal   %idle
           0.03    0.00    0.41    7.05    0.00   92.51

Device:         rrqm/s   wrqm/s     r/s     w/s    rkB/s    wkB/s avgrq-sz avgqu-sz   await r_await w_await  svctm  %util
nvme0n1           0.00     0.00    2.00 1501.00     8.00  6004.50     8.00     0.00    0.02    0.00    0.02   0.57  85.10
sda               0.00     0.00    0.00    0.00     0.00     0.00     0.00     0.00    0.00    0.00    0.00   0.00   0.00
dm-0              0.00     0.00    0.00    0.00     0.00     0.00     0.00     0.00    0.00    0.00    0.00   0.00   0.00
dm-1              0.00     0.00    0.00    0.00     0.00     0.00     0.00     0.00    0.00    0.00    0.00   0.00   0.00
dm-2              0.00     0.00    0.00    0.00     0.00     0.00     0.00     0.00    0.00    0.00    0.00   0.00   0.00
sdb               0.00     0.00  503.00    0.00  2012.00     0.00     8.00    60.51  120.78  120.78    0.00   1.02  51.10
sdc               0.00     0.00  478.00    0.00  1912.00     0.00     8.00    60.73  127.56  127.56    0.00   1.04  49.60
sdd               0.00     0.00  502.00    0.00  2008.00     0.00     8.00    59.85  119.72  119.72    0.00   1.03  51.50
bcache0           0.00     0.00  504.00    0.00  2016.00     0.00     8.00    64.73  128.42  128.42    0.00   1.01  50.90
bcache1           0.00     0.00  482.00    0.00  1928.00     0.00     8.00    65.05  134.96  134.96    0.00   1.03  49.60
bcache2           0.00     0.00  496.00    0.00  1984.00     0.00     8.00    64.11  129.25  129.25    0.00   1.04  51.40

avg-cpu:  %user   %nice %system %iowait  %steal   %idle
           0.06    0.00    0.44    7.86    0.00   91.64

Device:         rrqm/s   wrqm/s     r/s     w/s    rkB/s    wkB/s avgrq-sz avgqu-sz   await r_await w_await  svctm  %util
nvme0n1           0.00     0.00    4.00 1536.00    16.00  6737.50     8.77     0.00    0.02    0.25    0.02   0.57  87.20
sda               0.00     0.00    0.00    0.00     0.00     0.00     0.00     0.00    0.00    0.00    0.00   0.00   0.00
dm-0              0.00     0.00    0.00    0.00     0.00     0.00     0.00     0.00    0.00    0.00    0.00   0.00   0.00
dm-1              0.00     0.00    0.00    0.00     0.00     0.00     0.00     0.00    0.00    0.00    0.00   0.00   0.00
dm-2              0.00     0.00    0.00    0.00     0.00     0.00     0.00     0.00    0.00    0.00    0.00   0.00   0.00
sdb               0.00     0.00  500.00    0.00  2000.00     0.00     8.00    59.84  120.17  120.17    0.00   1.03  51.40
sdc               0.00     0.00  503.00    0.00  2012.00     0.00     8.00    59.95  119.69  119.69    0.00   1.04  52.50
sdd               0.00     0.00  509.00    0.00  2036.00     0.00     8.00    59.89  118.16  118.16    0.00   1.02  52.10
bcache0           0.00     0.00  504.00    0.00  2016.00     0.00     8.00    64.05  127.07  127.07    0.00   1.02  51.20
bcache1           0.00     0.00  505.00    0.00  2020.00     0.00     8.00    64.10  126.94  126.94    0.00   1.04  52.40
bcache2           0.00     0.00  515.00    0.00  2060.00     0.00     8.00    64.15  124.56  124.56    0.00   1.01  51.90

avg-cpu:  %user   %nice %system %iowait  %steal   %idle
           0.06    0.00    0.44    7.20    0.00   92.30

Device:         rrqm/s   wrqm/s     r/s     w/s    rkB/s    wkB/s avgrq-sz avgqu-sz   await r_await w_await  svctm  %util
nvme0n1           0.00     0.00    3.00 1480.00    12.00  5923.50     8.00     0.00    0.02    0.00    0.02   0.58  85.50
sda               0.00     0.00    0.00    2.00     0.00     8.00     8.00     0.00    0.00    0.00    0.00   0.50   0.10
dm-0              0.00     0.00    0.00    2.00     0.00     8.00     8.00     0.00    0.00    0.00    0.00   0.50   0.10
dm-1              0.00     0.00    0.00    0.00     0.00     0.00     0.00     0.00    0.00    0.00    0.00   0.00   0.00
dm-2              0.00     0.00    0.00    0.00     0.00     0.00     0.00     0.00    0.00    0.00    0.00   0.00   0.00
sdb               0.00     0.00  500.00    0.00  2000.00     0.00     8.00    60.10  120.68  120.68    0.00   1.03  51.40
sdc               0.00     0.00  481.00    0.00  1924.00     0.00     8.00    60.33  125.93  125.93    0.00   1.02  49.10
sdd               0.00     0.00  483.00    0.00  1932.00     0.00     8.00    60.46  125.71  125.71    0.00   1.02  49.40
bcache0           0.00     0.00  496.00    0.00  1984.00     0.00     8.00    64.35  129.74  129.74    0.00   1.03  51.00
bcache1           0.00     0.00  482.00    0.00  1928.00     0.00     8.00    64.66  134.16  134.16    0.00   1.01  48.80
bcache2           0.00     0.00  481.00    0.00  1924.00     0.00     8.00    64.77  134.65  134.65    0.00   1.02  48.90

avg-cpu:  %user   %nice %system %iowait  %steal   %idle
           2.88    0.00    0.59   10.89    0.00   85.63

Device:         rrqm/s   wrqm/s     r/s     w/s    rkB/s    wkB/s avgrq-sz avgqu-sz   await r_await w_await  svctm  %util
nvme0n1           0.00     0.00    5.00 1512.00    20.00  6544.50     8.65     0.00    0.02    0.20    0.02   0.56  85.30
sda               0.00     0.00    0.00    0.00     0.00     0.00     0.00     0.00    0.00    0.00    0.00   0.00   0.00
dm-0              0.00     0.00    0.00    0.00     0.00     0.00     0.00     0.00    0.00    0.00    0.00   0.00   0.00
dm-1              0.00     0.00    0.00    0.00     0.00     0.00     0.00     0.00    0.00    0.00    0.00   0.00   0.00
dm-2              0.00     0.00    0.00    0.00     0.00     0.00     0.00     0.00    0.00    0.00    0.00   0.00   0.00
sdb               0.00     0.00  498.00    0.00  1992.00     0.00     8.00    59.51  120.00  120.00    0.00   1.02  51.00
sdc               0.00     0.00  507.00    0.00  2028.00     0.00     8.00    60.11  119.07  119.07    0.00   1.02  51.50
sdd               0.00     0.00  485.00    0.00  1940.00     0.00     8.00    58.03  120.16  120.16    0.00   1.01  48.80
bcache0           0.00     0.00  498.00    0.00  1992.00     0.00     8.00    63.92  128.36  128.36    0.00   1.02  50.80
bcache1           0.00     0.00  507.00    0.00  2028.00     0.00     8.00    64.33  126.89  126.89    0.00   1.02  51.50
bcache2           0.00     0.00  488.00    0.00  1952.00     0.00     8.00    62.28  127.63  127.63    0.00   1.00  48.80

avg-cpu:  %user   %nice %system %iowait  %steal   %idle
           1.79    0.00    0.56   11.46    0.00   86.19

Device:         rrqm/s   wrqm/s     r/s     w/s    rkB/s    wkB/s avgrq-sz avgqu-sz   await r_await w_await  svctm  %util
nvme0n1           0.00     0.00    4.00 1517.00    16.00  6231.50     8.21     0.00    0.02    0.25    0.02   0.56  85.50
sda               0.00     0.00    0.00    0.00     0.00     0.00     0.00     0.00    0.00    0.00    0.00   0.00   0.00
dm-0              0.00     0.00    0.00    0.00     0.00     0.00     0.00     0.00    0.00    0.00    0.00   0.00   0.00
dm-1              0.00     0.00    0.00    0.00     0.00     0.00     0.00     0.00    0.00    0.00    0.00   0.00   0.00
dm-2              0.00     0.00    0.00    0.00     0.00     0.00     0.00     0.00    0.00    0.00    0.00   0.00   0.00
sdb               0.00     0.00  485.00    0.00  1940.00     0.00     8.00    60.90  126.09  126.09    0.00   1.02  49.50
sdc               0.00     0.00  499.00    0.00  1996.00     0.00     8.00    60.62  121.96  121.96    0.00   1.02  51.10
sdd               0.00     0.00  512.00    0.00  2048.00     0.00     8.00    61.94  121.47  121.47    0.00   1.03  52.50
bcache0           0.00     0.00  491.00    0.00  1964.00     0.00     8.00    64.97  132.33  132.33    0.00   1.00  49.20
bcache1           0.00     0.00  497.00    0.00  1988.00     0.00     8.00    64.88  130.54  130.54    0.00   1.02  50.80
bcache2           0.00     0.00  512.00    0.00  2048.00     0.00     8.00    66.18  129.26  129.26    0.00   1.02  52.20

avg-cpu:  %user   %nice %system %iowait  %steal   %idle
           0.06    0.00    0.69   12.29    0.00   86.96

Device:         rrqm/s   wrqm/s     r/s     w/s    rkB/s    wkB/s avgrq-sz avgqu-sz   await r_await w_await  svctm  %util
nvme0n1           0.00     0.00    6.00 1521.00    24.00  6770.00     8.90     0.00    0.02    0.00    0.02   0.57  86.70
sda               0.00     0.00    0.00    0.00     0.00     0.00     0.00     0.00    0.00    0.00    0.00   0.00   0.00
dm-0              0.00     0.00    0.00    0.00     0.00     0.00     0.00     0.00    0.00    0.00    0.00   0.00   0.00
dm-1              0.00     0.00    0.00    0.00     0.00     0.00     0.00     0.00    0.00    0.00    0.00   0.00   0.00
dm-2              0.00     0.00    0.00    0.00     0.00     0.00     0.00     0.00    0.00    0.00    0.00   0.00   0.00
sdb               0.00     0.00  503.00    0.00  2012.00     0.00     8.00    59.99  119.76  119.76    0.00   1.03  51.70
sdc               0.00     0.00  494.00    0.00  1976.00     0.00     8.00    58.87  119.67  119.67    0.00   1.03  51.00
sdd               0.00     0.00  498.00    0.00  1992.00     0.00     8.00    60.67  122.32  122.32    0.00   1.04  51.60
bcache0           0.00     0.00  506.00    0.00  2024.00     0.00     8.00    64.35  127.18  127.18    0.00   1.01  51.30
bcache1           0.00     0.00  496.00    0.00  1984.00     0.00     8.00    62.90  126.82  126.82    0.00   1.01  50.30
bcache2           0.00     0.00  500.00    0.00  2000.00     0.00     8.00    65.08  130.17  130.17    0.00   1.03  51.30

avg-cpu:  %user   %nice %system %iowait  %steal   %idle
           0.06    0.00    0.69   11.71    0.00   87.54

Device:         rrqm/s   wrqm/s     r/s     w/s    rkB/s    wkB/s avgrq-sz avgqu-sz   await r_await w_await  svctm  %util
nvme0n1           0.00     0.00    2.00 1463.00     8.00  5850.50     8.00     0.00    0.02    0.50    0.02   0.59  85.80
sda               0.00     0.00    0.00    0.00     0.00     0.00     0.00     0.00    0.00    0.00    0.00   0.00   0.00
dm-0              0.00     0.00    0.00    0.00     0.00     0.00     0.00     0.00    0.00    0.00    0.00   0.00   0.00
dm-1              0.00     0.00    0.00    0.00     0.00     0.00     0.00     0.00    0.00    0.00    0.00   0.00   0.00
dm-2              0.00     0.00    0.00    0.00     0.00     0.00     0.00     0.00    0.00    0.00    0.00   0.00   0.00
sdb               0.00     0.00  468.00    0.00  1872.00     0.00     8.00    60.96  130.77  130.77    0.00   1.02  47.80
sdc               0.00     0.00  497.00    0.00  1988.00     0.00     8.00    60.12  121.45  121.45    0.00   1.03  51.40
sdd               0.00     0.00  482.00    0.00  1928.00     0.00     8.00    60.05  125.08  125.08    0.00   1.03  49.80
bcache0           0.00     0.00  465.00    0.00  1860.00     0.00     8.00    65.02  139.83  139.83    0.00   1.02  47.40
bcache1           0.00     0.00  496.00    0.00  1984.00     0.00     8.00    64.42  129.88  129.88    0.00   1.03  51.10
bcache2           0.00     0.00  481.00    0.00  1924.00     0.00     8.00    64.15  133.36  133.36    0.00   1.03  49.50

avg-cpu:  %user   %nice %system %iowait  %steal   %idle
           0.06    0.00    0.69   11.24    0.00   88.01

Device:         rrqm/s   wrqm/s     r/s     w/s    rkB/s    wkB/s avgrq-sz avgqu-sz   await r_await w_await  svctm  %util
nvme0n1           0.00     0.00   10.00 1495.00    40.00  5984.50     8.01     0.00    0.02    0.20    0.02   0.56  84.90
sda               0.00     0.00    0.00    0.00     0.00     0.00     0.00     0.00    0.00    0.00    0.00   0.00   0.00
dm-0              0.00     0.00    0.00    0.00     0.00     0.00     0.00     0.00    0.00    0.00    0.00   0.00   0.00
dm-1              0.00     0.00    0.00    0.00     0.00     0.00     0.00     0.00    0.00    0.00    0.00   0.00   0.00
dm-2              0.00     0.00    0.00    0.00     0.00     0.00     0.00     0.00    0.00    0.00    0.00   0.00   0.00
sdb               0.00     0.00  470.00    0.00  1880.00     0.00     8.00    58.47  124.91  124.91    0.00   1.03  48.40
sdc               0.00     0.00  498.00    0.00  1992.00     0.00     8.00    60.69  122.35  122.35    0.00   1.03  51.50
sdd               0.00     0.00  507.00    0.00  2028.00     0.00     8.00    59.69  118.22  118.22    0.00   1.03  52.10
bcache0           0.00     0.00  478.00    0.00  1912.00     0.00     8.00    62.85  131.49  131.49    0.00   1.01  48.40
bcache1           0.00     0.00  507.00    0.00  2028.00     0.00     8.00    64.76  127.74  127.74    0.00   1.02  51.50
bcache2           0.00     0.00  513.00    0.00  2052.00     0.00     8.00    63.86  124.48  124.48    0.00   1.01  51.70

