Linux 5.2.4-1.el7.elrepo.x86_64 (sfx-010) 	08/02/2019 	_x86_64_	(32 CPU)

avg-cpu:  %user   %nice %system %iowait  %steal   %idle
           0.40    0.00    1.27    5.78    0.00   92.54

Device:         rrqm/s   wrqm/s     r/s     w/s    rkB/s    wkB/s avgrq-sz avgqu-sz   await r_await w_await  svctm  %util
nvme0n1           0.00    79.09 43045.36  448.49 172183.52  1869.57     8.00    19.26    0.76    0.76    0.04   0.01  30.62
sda               0.00     0.05    0.13    0.32     3.25     4.74    35.54     0.00    5.18    5.62    5.01   0.52   0.02
dm-0              0.00     0.00    0.11    0.37     2.88     4.94    32.71     0.00    5.05    5.86    4.81   0.47   0.02
dm-1              0.00     0.00    0.00    0.00     0.02     0.00    50.64     0.00   36.88   36.88    0.00   0.56   0.00
dm-2              0.00     0.00    0.02    0.00     0.26     0.04    31.38     0.00    3.65    3.27    6.41   0.59   0.00
sdb               0.01     0.00  134.51    0.10   539.83     0.40     8.03    16.80  125.33  125.29  174.81   1.04  14.00
sdc               0.01     0.01  141.60    3.30   568.19    13.22     8.03    17.68  122.49  125.16    8.12   1.03  14.85
sdd               0.01     0.01  142.91    3.28   573.44    13.15     8.03    17.85  122.57  125.18    8.60   1.02  14.88
bcache0           0.00     0.00    0.00    0.00     0.02     0.00    44.35     0.00    0.28    0.28    0.00   0.21   0.00
bcache1           0.00     0.00    0.00    0.00     0.02     0.00    44.35     0.00    0.38    0.38    0.00   0.22   0.00
bcache2           0.00     0.00    0.00    0.00     0.02     0.00    44.35     0.00    0.32    0.32    0.00   0.19   0.00

avg-cpu:  %user   %nice %system %iowait  %steal   %idle
           0.78    0.00    1.35   14.38    0.00   83.50

Device:         rrqm/s   wrqm/s     r/s     w/s    rkB/s    wkB/s avgrq-sz avgqu-sz   await r_await w_await  svctm  %util
nvme0n1           0.00     0.00    2.00  847.00     8.00  3883.00     9.17     0.00    0.04    0.00    0.04   0.55  46.90
sda               0.00     0.00    0.00    0.00     0.00     0.00     0.00     0.00    0.00    0.00    0.00   0.00   0.00
dm-0              0.00     0.00    0.00    0.00     0.00     0.00     0.00     0.00    0.00    0.00    0.00   0.00   0.00
dm-1              0.00     0.00    0.00    0.00     0.00     0.00     0.00     0.00    0.00    0.00    0.00   0.00   0.00
dm-2              0.00     0.00    0.00    0.00     0.00     0.00     0.00     0.00    0.00    0.00    0.00   0.00   0.00
sdb               0.00     0.00  273.00    0.00  1092.00     0.00     8.00    24.57   90.52   90.52    0.00   1.04  28.40
sdc               0.00     0.00  284.00    0.00  1136.00     0.00     8.00    25.73   91.13   91.13    0.00   1.06  30.20
sdd               0.00     0.00  275.00    0.00  1100.00     0.00     8.00    23.57   86.18   86.18    0.00   1.03  28.40
bcache0           0.00     0.00  340.00    0.00  1360.00     0.00     8.00    26.17   76.97   76.97    0.00   0.85  28.80
bcache1           0.00     0.00  349.00    0.00  1396.00     0.00     8.00    27.39   78.49   78.49    0.00   0.87  30.20
bcache2           0.00     0.00  341.00    0.00  1364.00     0.00     8.00    25.18   73.85   73.85    0.00   0.83  28.30

avg-cpu:  %user   %nice %system %iowait  %steal   %idle
           0.06    0.00    0.53   28.92    0.00   70.49

Device:         rrqm/s   wrqm/s     r/s     w/s    rkB/s    wkB/s avgrq-sz avgqu-sz   await r_await w_await  svctm  %util
nvme0n1           0.00     0.00    0.00 1698.00     0.00  6796.00     8.00     0.00    0.04    0.00    0.04   0.53  90.70
sda               0.00     0.00    0.00    1.00     0.00     4.00     8.00     0.00    0.00    0.00    0.00   1.00   0.10
dm-0              0.00     0.00    0.00    1.00     0.00     4.00     8.00     0.00    0.00    0.00    0.00   1.00   0.10
dm-1              0.00     0.00    0.00    0.00     0.00     0.00     0.00     0.00    0.00    0.00    0.00   0.00   0.00
dm-2              0.00     0.00    0.00    0.00     0.00     0.00     0.00     0.00    0.00    0.00    0.00   0.00   0.00
sdb               0.00     0.00  562.00    0.00  2248.00     0.00     8.00    61.14  109.29  109.29    0.00   1.02  57.10
sdc               0.00     0.00  544.00    0.00  2176.00     0.00     8.00    59.51  109.89  109.89    0.00   1.02  55.50
sdd               0.00     0.00  574.00    0.00  2296.00     0.00     8.00    61.88  108.32  108.32    0.00   1.02  58.60
bcache0           0.00     0.00  560.00    0.00  2240.00     0.00     8.00    65.67  117.26  117.26    0.00   1.02  57.20
bcache1           0.00     0.00  544.00    0.00  2176.00     0.00     8.00    63.69  117.07  117.07    0.00   1.01  55.10
bcache2           0.00     0.00  576.00    0.00  2304.00     0.00     8.00    66.12  114.79  114.79    0.00   1.01  58.30

avg-cpu:  %user   %nice %system %iowait  %steal   %idle
           0.03    0.00    0.50   26.57    0.00   72.90

Device:         rrqm/s   wrqm/s     r/s     w/s    rkB/s    wkB/s avgrq-sz avgqu-sz   await r_await w_await  svctm  %util
nvme0n1           0.00     0.00    4.00 1748.00    16.00  6991.00     8.00     0.00    0.04    0.00    0.04   0.52  91.90
sda               0.00     0.00    0.00    0.00     0.00     0.00     0.00     0.00    0.00    0.00    0.00   0.00   0.00
dm-0              0.00     0.00    0.00    0.00     0.00     0.00     0.00     0.00    0.00    0.00    0.00   0.00   0.00
dm-1              0.00     0.00    0.00    0.00     0.00     0.00     0.00     0.00    0.00    0.00    0.00   0.00   0.00
dm-2              0.00     0.00    0.00    0.00     0.00     0.00     0.00     0.00    0.00    0.00    0.00   0.00   0.00
sdb               0.00     0.00  590.00    0.00  2360.00     0.00     8.00    59.70  101.67  101.67    0.00   1.01  59.80
sdc               0.00     0.00  565.00    0.00  2260.00     0.00     8.00    60.05  106.77  106.77    0.00   1.03  58.10
sdd               0.00     0.00  570.00    0.00  2280.00     0.00     8.00    60.68  106.96  106.96    0.00   1.02  58.10
bcache0           0.00     0.00  593.00    0.00  2372.00     0.00     8.00    63.90  107.75  107.75    0.00   1.00  59.50
bcache1           0.00     0.00  568.00    0.00  2272.00     0.00     8.00    64.56  113.67  113.67    0.00   1.01  57.40
bcache2           0.00     0.00  571.00    0.00  2284.00     0.00     8.00    64.95  113.75  113.75    0.00   1.01  57.70

avg-cpu:  %user   %nice %system %iowait  %steal   %idle
           0.06    0.00    0.47   24.91    0.00   74.55

Device:         rrqm/s   wrqm/s     r/s     w/s    rkB/s    wkB/s avgrq-sz avgqu-sz   await r_await w_await  svctm  %util
nvme0n1           0.00     0.00    7.00 1710.00    28.00  7430.50     8.69     0.00    0.04    0.29    0.04   0.52  89.60
sda               0.00     0.00    0.00    0.00     0.00     0.00     0.00     0.00    0.00    0.00    0.00   0.00   0.00
dm-0              0.00     0.00    0.00    0.00     0.00     0.00     0.00     0.00    0.00    0.00    0.00   0.00   0.00
dm-1              0.00     0.00    0.00    0.00     0.00     0.00     0.00     0.00    0.00    0.00    0.00   0.00   0.00
dm-2              0.00     0.00    0.00    0.00     0.00     0.00     0.00     0.00    0.00    0.00    0.00   0.00   0.00
sdb               0.00     0.00  555.00    0.00  2220.00     0.00     8.00    59.65  107.95  107.95    0.00   1.01  55.80
sdc               0.00     0.00  561.00    0.00  2244.00     0.00     8.00    60.30  108.00  108.00    0.00   1.01  56.50
sdd               0.00     0.00  567.00    0.00  2268.00     0.00     8.00    59.60  105.61  105.61    0.00   1.02  57.90
bcache0           0.00     0.00  552.00    0.00  2208.00     0.00     8.00    64.02  115.98  115.98    0.00   1.01  55.60
bcache1           0.00     0.00  563.00    0.00  2252.00     0.00     8.00    64.67  114.86  114.86    0.00   1.00  56.50
bcache2           0.00     0.00  572.00    0.00  2288.00     0.00     8.00    64.07  112.01  112.01    0.00   1.01  57.80

avg-cpu:  %user   %nice %system %iowait  %steal   %idle
           0.06    0.00    0.50   27.03    0.00   72.40

Device:         rrqm/s   wrqm/s     r/s     w/s    rkB/s    wkB/s avgrq-sz avgqu-sz   await r_await w_await  svctm  %util
nvme0n1           0.00     0.00    7.00 1725.00    28.00  6903.00     8.00     0.00    0.04    0.14    0.04   0.53  92.50
sda               0.00     0.00    0.00    0.00     0.00     0.00     0.00     0.00    0.00    0.00    0.00   0.00   0.00
dm-0              0.00     0.00    0.00    0.00     0.00     0.00     0.00     0.00    0.00    0.00    0.00   0.00   0.00
dm-1              0.00     0.00    0.00    0.00     0.00     0.00     0.00     0.00    0.00    0.00    0.00   0.00   0.00
dm-2              0.00     0.00    0.00    0.00     0.00     0.00     0.00     0.00    0.00    0.00    0.00   0.00   0.00
sdb               0.00     0.00  584.00    0.00  2336.00     0.00     8.00    61.87  106.43  106.43    0.00   1.01  59.10
sdc               0.00     0.00  559.00    0.00  2236.00     0.00     8.00    60.16  108.12  108.12    0.00   1.02  57.20
sdd               0.00     0.00  562.00    0.00  2248.00     0.00     8.00    59.62  106.59  106.59    0.00   1.01  57.00
bcache0           0.00     0.00  586.00    0.00  2344.00     0.00     8.00    66.01  112.65  112.65    0.00   1.00  58.70
bcache1           0.00     0.00  562.00    0.00  2248.00     0.00     8.00    64.24  114.30  114.30    0.00   1.02  57.30
bcache2           0.00     0.00  563.00    0.00  2252.00     0.00     8.00    63.87  113.44  113.44    0.00   1.01  56.90

avg-cpu:  %user   %nice %system %iowait  %steal   %idle
           2.86    0.00    0.88   24.91    0.00   71.35

Device:         rrqm/s   wrqm/s     r/s     w/s    rkB/s    wkB/s avgrq-sz avgqu-sz   await r_await w_await  svctm  %util
nvme0n1           0.00     0.00    8.00 1703.00    32.00  7458.50     8.76     0.00    0.04    0.12    0.04   0.54  92.20
sda               0.00     0.00    0.00    0.00     0.00     0.00     0.00     0.00    0.00    0.00    0.00   0.00   0.00
dm-0              0.00     0.00    0.00    0.00     0.00     0.00     0.00     0.00    0.00    0.00    0.00   0.00   0.00
dm-1              0.00     0.00    0.00    0.00     0.00     0.00     0.00     0.00    0.00    0.00    0.00   0.00   0.00
dm-2              0.00     0.00    0.00    0.00     0.00     0.00     0.00     0.00    0.00    0.00    0.00   0.00   0.00
sdb               0.00     0.00  562.00    0.00  2248.00     0.00     8.00    56.13  100.38  100.38    0.00   1.03  58.10
sdc               0.00     0.00  554.00    0.00  2216.00     0.00     8.00    60.02  108.84  108.84    0.00   1.03  56.80
sdd               0.00     0.00  562.00    0.00  2248.00     0.00     8.00    57.42  102.66  102.66    0.00   1.02  57.10
bcache0           0.00     0.00  566.00    0.00  2264.00     0.00     8.00    60.50  106.89  106.89    0.00   1.02  57.90
bcache1           0.00     0.00  556.00    0.00  2224.00     0.00     8.00    67.33  121.09  121.09    0.00   1.02  56.50
bcache2           0.00     0.00  566.00    0.00  2264.00     0.00     8.00    61.69  108.99  108.99    0.00   1.01  56.90

avg-cpu:  %user   %nice %system %iowait  %steal   %idle
           0.60    0.00    0.78   24.80    0.00   73.82

Device:         rrqm/s   wrqm/s     r/s     w/s    rkB/s    wkB/s avgrq-sz avgqu-sz   await r_await w_await  svctm  %util
nvme0n1           0.00     0.00    6.00 1705.00    24.00  7009.00     8.22     0.00    0.04    0.17    0.04   0.54  92.60
sda               0.00     0.00    0.00    4.00     0.00    16.00     8.00     0.00    0.25    0.00    0.25   0.25   0.10
dm-0              0.00     0.00    0.00    4.00     0.00    16.00     8.00     0.00    0.00    0.00    0.00   0.25   0.10
dm-1              0.00     0.00    0.00    0.00     0.00     0.00     0.00     0.00    0.00    0.00    0.00   0.00   0.00
dm-2              0.00     0.00    0.00    0.00     0.00     0.00     0.00     0.00    0.00    0.00    0.00   0.00   0.00
sdb               0.00     0.00  559.00    0.00  2236.00     0.00     8.00    60.04  107.91  107.91    0.00   1.01  56.70
sdc               0.00     0.00  564.00    0.00  2256.00     0.00     8.00    60.38  107.56  107.56    0.00   1.02  57.30
sdd               0.00     0.00  559.00    0.00  2236.00     0.00     8.00    61.31  110.17  110.17    0.00   1.04  58.20
bcache0           0.00     0.00  561.00    0.00  2244.00     0.00     8.00    64.40  114.79  114.79    0.00   1.01  56.70
bcache1           0.00     0.00  561.00    0.00  2244.00     0.00     8.00    65.08  116.01  116.01    0.00   1.02  57.00
bcache2           0.00     0.00  564.00    0.00  2256.00     0.00     8.00    65.64  116.38  116.38    0.00   1.03  58.10

avg-cpu:  %user   %nice %system %iowait  %steal   %idle
           0.06    0.00    0.82   24.73    0.00   74.39

Device:         rrqm/s   wrqm/s     r/s     w/s    rkB/s    wkB/s avgrq-sz avgqu-sz   await r_await w_await  svctm  %util
nvme0n1           0.00     0.00   12.00 1717.00    48.00  7365.00     8.57     0.00    0.04    0.17    0.04   0.52  89.90
sda               0.00     0.00    0.00    0.00     0.00     0.00     0.00     0.00    0.00    0.00    0.00   0.00   0.00
dm-0              0.00     0.00    0.00    0.00     0.00     0.00     0.00     0.00    0.00    0.00    0.00   0.00   0.00
dm-1              0.00     0.00    0.00    0.00     0.00     0.00     0.00     0.00    0.00    0.00    0.00   0.00   0.00
dm-2              0.00     0.00    0.00    0.00     0.00     0.00     0.00     0.00    0.00    0.00    0.00   0.00   0.00
sdb               0.00     0.00  558.00    0.00  2232.00     0.00     8.00    60.22  108.42  108.42    0.00   1.02  56.90
sdc               0.00     0.00  564.00    0.00  2256.00     0.00     8.00    60.24  107.29  107.29    0.00   1.03  58.00
sdd               0.00     0.00  572.00    0.00  2288.00     0.00     8.00    60.51  106.30  106.30    0.00   1.03  58.80
bcache0           0.00     0.00  563.00    0.00  2252.00     0.00     8.00    64.71  114.93  114.93    0.00   1.00  56.50
bcache1           0.00     0.00  575.00    0.00  2300.00     0.00     8.00    64.40  112.01  112.01    0.00   1.00  57.30
bcache2           0.00     0.00  570.00    0.00  2280.00     0.00     8.00    64.86  113.78  113.78    0.00   1.02  58.40

